0101	232,67,313,175,67,341,342,236,341,236,154,176,34,154,313,177,232,134,176,34,134,175,177,342
0102	155,185,30,174,155,319,54,71,337,169,299,3,235,299,3,169,337,54,185,71,30,319,235,174
0103	294,162,116,189,42,207,355,162,189,61,159,355,340,42,116,61,294,65,9,65,159,207,9,340
0104	187,318,168,132,304,44,16,70,334,16,318,168,132,70,334,4,242,44,303,242,187,303,304,4
0105	127,121,17,127,43,17,256,93,183,2,50,256,50,295,183,257,43,2,279,93,257,121,279,295
0106	212,62,330,221,20,234,233,74,62,160,170,20,330,234,221,351,212,309,74,233,170,160,351,309
0107	77,107,28,245,172,117,259,77,184,68,320,117,68,107,245,28,172,239,85,320,239,259,184,85
0108	353,78,280,151,53,352,151,273,86,281,352,281,179,158,179,78,86,353,53,79,158,79,273,280
0109	51,186,325,190,224,41,190,51,47,224,243,23,218,325,248,84,23,186,248,218,47,243,84,41
0110	217,31,326,39,350,104,197,270,31,261,130,261,69,270,130,326,69,197,350,104,73,39,217,73
0111	10,247,81,200,27,209,204,247,283,32,81,204,283,75,201,209,201,32,315,10,75,315,27,200
0112	99,202,230,138,46,202,63,110,254,99,7,138,83,46,254,83,230,110,29,7,63,182,29,182
0113	126,210,264,331,12,37,331,220,225,300,14,210,163,220,12,126,264,163,13,14,300,225,37,13
0114	252,263,249,252,278,258,284,131,284,52,173,323,278,131,323,249,194,298,263,194,298,52,258,173
0115	213,193,114,240,228,354,333,213,140,141,1,333,114,354,193,327,141,327,349,228,140,240,1,349
0116	289,102,87,223,106,6,223,106,241,5,241,181,195,246,33,87,246,289,6,102,5,181,33,195
0117	60,321,60,19,8,105,251,49,148,192,288,339,8,192,19,49,321,57,105,148,339,288,251,57
0118	269,324,211,108,293,119,171,324,111,139,255,119,255,211,293,111,269,139,120,317,120,317,171,108
0119	328,45,144,347,48,290,306,45,205,124,222,343,205,347,328,48,290,306,144,222,343,95,124,95
0120	149,122,292,191,115,58,149,311,286,58,338,122,97,345,115,311,92,338,286,191,292,345,92,97
0121	94,219,285,301,21,96,128,219,128,260,244,285,96,260,103,94,305,244,198,301,103,21,305,198
0122	100,196,229,267,307,36,267,143,271,307,268,36,178,229,178,268,123,135,100,123,271,143,135,196
0123	34,154,216,11,275,109,24,146,216,291,199,277,34,199,146,11,291,24,277,176,154,176,275,109
0124	125,25,253,0,226,265,90,165,226,227,253,262,22,344,165,344,0,22,227,265,125,25,90,262
0125	235,61,152,175,337,169,18,101,56,319,287,175,18,61,337,299,56,287,235,299,169,101,152,319
0126	55,142,59,167,55,185,282,59,54,167,314,133,42,322,142,133,42,185,314,294,322,294,282,54
0127	162,159,177,348,168,129,177,157,161,335,9,159,348,129,308,302,9,161,162,157,168,308,302,335
0128	67,65,272,76,113,295,65,329,67,316,341,303,272,71,303,137,295,341,316,113,329,76,71,137
0129	183,318,304,346,183,156,238,147,238,346,147,156,35,160,35,330,160,304,330,68,340,68,318,340
0130	44,212,116,136,107,78,212,50,155,50,187,116,44,214,64,214,250,187,64,250,78,107,155,136
0131	342,239,221,342,26,43,297,352,297,88,40,43,174,352,245,88,245,239,221,40,30,26,30,174
0201	53,38,66,130,53,112,215,233,72,237,215,233,28,66,121,237,72,121,180,38,130,28,112,180
0202	281,206,153,236,80,158,89,236,80,62,16,89,153,82,281,27,82,16,206,280,27,280,62,158
0203	234,41,93,209,310,41,310,209,7,98,184,93,231,266,145,266,184,273,234,98,145,7,231,273
0204	190,13,256,254,332,117,217,12,197,117,332,336,172,197,190,336,172,351,13,351,12,217,254,256
0205	320,151,77,186,126,249,326,63,325,326,151,37,182,104,320,325,77,126,249,186,63,182,104,37
0206	10,51,188,15,188,75,313,29,15,79,73,203,91,75,79,313,2,203,2,10,29,73,51,91
0207	323,354,243,141,312,243,114,208,134,141,323,312,134,283,258,309,195,114,195,309,258,283,208,354
0208	251,110,327,224,251,86,327,102,4,19,220,14,224,263,4,263,164,220,102,86,14,110,19,164
0209	120,246,106,240,23,223,138,240,324,223,84,353,139,324,23,138,353,84,246,139,355,120,355,106
0210	47,350,166,259,20,259,47,95,189,270,20,48,350,148,270,279,48,166,279,189,261,95,148,261
0211	286,194,289,46,298,211,194,45,317,298,144,115,289,31,241,286,241,115,211,46,317,144,45,31
0212	58,293,3,228,140,228,171,163,333,99,306,163,99,140,171,333,292,127,292,293,3,127,306,58
0213	222,128,222,296,198,143,173,69,198,85,247,128,143,173,69,150,74,349,296,85,150,349,74,247
0214	345,1,124,276,49,124,284,334,49,301,276,252,290,252,334,1,284,52,301,345,52,36,290,36
0215	216,331,230,321,232,207,226,81,119,207,193,321,331,216,230,21,218,193,21,119,226,81,218,232
0216	274,122,265,253,274,94,170,165,200,244,165,24,253,170,200,94,24,265,105,100,105,244,122,100
0217	315,338,169,210,288,229,54,255,287,8,338,210,287,229,288,315,33,8,61,54,255,169,33,61
0218	191,32,257,34,191,305,97,291,97,294,22,271,257,305,271,302,294,34,92,291,22,302,92,32
0219	142,109,131,76,131,205,25,113,25,205,109,57,157,277,227,142,157,113,76,277,5,227,57,5
0220	0,318,175,299,262,152,322,177,6,152,322,307,318,9,175,262,6,9,299,339,0,177,339,307
0221	35,199,83,300,341,275,260,341,135,300,199,116,202,35,135,192,275,330,83,260,116,330,202,192
0222	238,108,178,70,68,181,39,272,178,181,44,39,108,60,101,44,70,68,278,101,272,60,278,238
0223	268,71,43,11,180,183,268,133,340,180,11,64,237,43,340,282,71,30,133,183,30,237,282,64
0224	280,219,185,38,123,161,311,161,304,162,314,201,185,280,123,311,304,225,162,38,225,314,219,201
0225	87,347,328,50,154,125,111,149,78,235,78,66,87,328,303,50,235,347,111,154,125,149,303,66
0226	273,117,28,117,174,28,281,214,254,145,118,129,118,132,281,254,174,273,352,214,132,352,145,129
0227	13,190,59,190,184,12,104,59,16,104,12,53,18,231,13,153,231,18,53,16,126,184,153,126
0228	168,158,188,250,206,269,65,37,72,269,82,112,158,82,112,188,250,206,72,234,65,37,168,234
0229	343,248,130,55,320,343,323,96,248,63,245,325,203,236,320,323,325,245,236,55,130,203,96,63
0301	107,310,263,208,249,266,19,89,182,335,266,313,335,107,263,208,348,313,310,19,348,182,89,249
0302	213,159,102,326,141,2,326,86,159,141,10,213,2,98,102,86,233,98,258,233,51,10,51,258
0303	136,56,20,56,285,189,88,285,283,189,88,264,217,20,136,319,217,295,264,295,259,283,259,319
0304	242,62,167,4,309,79,209,114,48,167,106,209,4,41,106,309,172,114,172,62,79,41,48,242
0305	306,289,121,354,342,121,99,146,327,353,99,342,353,115,327,306,147,332,289,332,115,147,146,354
0306	179,346,337,195,156,17,156,95,17,256,67,336,137,95,195,336,256,346,137,333,337,333,179,67
0307	134,127,212,220,139,241,150,241,329,91,127,139,329,91,27,134,212,350,150,350,163,27,163,220
0308	308,252,321,247,222,246,243,321,222,243,246,140,160,247,344,196,344,196,140,252,166,160,308,166
0309	128,276,284,84,276,267,100,284,267,49,14,84,198,148,198,230,24,100,230,49,128,148,14,24
0310	253,90,23,122,316,74,122,173,31,173,293,90,119,165,226,165,253,119,74,293,316,23,31,226
0311	8,297,8,216,265,54,324,265,46,216,15,29,58,324,29,58,218,54,218,274,297,15,274,46
0312	355,244,77,331,277,110,77,244,240,155,355,287,240,338,143,315,110,143,277,155,315,287,331,338
0313	7,215,103,36,6,176,6,298,103,40,36,1,176,40,32,76,7,1,76,298,215,26,32,26
0314	322,334,312,290,33,73,296,92,73,92,305,290,334,33,21,312,186,322,296,186,224,305,21,224
0315	177,171,138,349,307,194,286,80,138,93,286,0,124,194,83,177,80,0,349,171,93,83,307,124
0316	268,57,200,169,52,262,221,351,169,262,187,223,292,268,187,57,200,251,351,52,292,251,221,223
0317	25,199,9,25,135,278,60,279,199,101,3,9,135,3,279,43,178,75,60,75,101,43,178,278
0318	204,71,109,314,161,71,204,85,39,272,108,105,108,272,161,123,85,280,314,123,280,39,105,109
0319	47,162,237,180,201,299,340,299,225,201,68,180,162,111,205,339,47,339,205,68,340,225,237,111
0320	44,81,133,255,145,44,255,30,81,144,229,228,229,133,303,45,144,45,30,145,228,175,303,175
0321	341,317,64,113,273,275,341,190,235,64,238,190,270,250,238,250,273,113,317,16,270,235,275,16
0322	231,42,65,184,72,288,42,154,231,184,154,65,69,66,53,288,304,191,304,69,66,53,191,72
0323	35,126,193,117,193,117,206,318,202,87,18,188,18,126,35,318,328,202,206,182,188,182,328,87
0324	263,118,266,313,183,301,197,233,118,326,313,263,197,141,210,266,233,326,210,50,141,50,301,183
0325	269,170,320,168,269,170,89,168,34,261,132,86,207,86,10,89,207,320,59,261,10,34,59,132
0326	164,300,209,104,88,102,151,282,37,88,239,151,37,209,153,125,239,300,153,164,102,104,282,125
0327	219,311,147,306,112,236,306,13,259,38,354,219,13,311,112,38,129,354,147,96,259,129,96,236
0328	332,213,28,242,121,242,121,157,213,152,157,62,217,62,172,189,172,208,28,217,208,332,189,152
0329	181,346,271,174,95,271,17,347,130,95,17,295,350,256,295,346,181,130,174,256,347,4,350,4
0330	167,232,137,348,203,232,211,22,70,211,337,353,160,22,70,348,337,203,137,309,353,160,167,309
0331	285,249,51,245,196,245,146,158,248,56,146,12,63,327,158,12,51,249,285,327,63,56,196,248
0401	119,61,343,329,148,325,291,99,212,329,61,148,321,343,119,212,321,97,99,5,97,5,291,325
0402	140,330,14,179,29,179,173,218,185,116,352,140,136,173,14,330,352,335,29,185,136,218,335,116
0403	310,267,54,156,265,156,120,54,166,302,78,267,302,122,265,244,166,120,253,78,310,122,253,244
0404	195,46,192,32,1,27,298,264,298,32,287,128,195,128,46,27,274,192,264,287,1,260,274,260
0405	230,247,149,107,131,222,322,247,33,114,293,176,149,107,33,131,127,230,322,176,127,293,114,222
0406	92,323,334,90,77,246,215,90,79,20,215,246,106,234,92,281,234,281,106,20,334,77,79,323
0407	344,240,26,223,240,344,171,124,2,258,143,257,143,171,308,258,124,223,2,257,21,308,21,26
0408	57,75,292,134,67,134,49,276,75,155,177,82,286,276,73,82,57,177,73,49,155,67,286,292
0409	115,252,84,159,319,165,199,7,187,40,115,84,199,159,138,319,138,187,227,7,227,252,165,40
0410	80,85,91,93,345,19,243,11,39,355,80,19,11,9,85,355,91,93,0,345,243,39,0,9
0411	284,307,241,108,255,3,74,255,307,74,200,284,241,139,339,205,139,108,3,76,339,205,76,200
0412	144,303,110,144,237,169,150,312,162,110,41,60,162,169,41,16,312,150,228,60,228,237,303,16
0413	100,68,105,224,296,225,36,135,262,135,100,296,36,180,262,224,225,105,180,71,250,68,71,250
0414	341,328,123,66,65,101,133,65,72,331,270,206,66,328,290,101,123,206,290,341,270,72,331,133
0415	317,81,238,113,81,251,184,338,154,251,184,193,317,6,58,113,154,338,6,58,238,23,193,23
0416	269,197,313,269,272,277,299,314,202,299,235,47,197,47,168,235,168,15,277,272,313,15,202,314
0417	48,145,233,145,233,191,104,24,191,305,48,340,280,24,305,104,280,254,59,53,340,254,59,53
0418	318,83,34,336,44,188,103,236,170,34,83,44,318,268,170,102,188,190,103,102,268,336,190,236
0419	10,231,332,96,259,194,332,96,289,210,10,69,349,259,69,117,289,231,210,35,117,35,349,194
0420	301,189,50,261,132,126,30,183,132,217,301,126,261,183,333,50,342,333,275,217,30,275,342,189
0421	282,142,273,216,142,315,282,256,216,31,256,297,55,315,297,326,55,31,273,326,98,229,98,229
0422	38,279,17,172,248,17,95,353,125,353,130,125,348,279,348,164,172,164,152,38,248,130,95,152
0423	8,327,351,25,325,61,8,271,141,118,325,327,203,12,201,203,25,61,351,141,271,201,12,118
0424	285,288,198,97,62,232,86,337,285,221,337,232,45,70,45,70,97,219,86,62,198,221,219,288
0425	56,347,330,99,300,335,182,208,335,147,300,186,147,179,330,179,226,99,56,182,186,208,347,226
0426	5,161,5,185,158,352,161,158,54,122,352,244,122,128,54,128,64,185,64,207,120,244,207,120
0427	89,27,32,304,27,324,146,137,266,324,146,137,1,253,32,1,283,266,89,306,304,306,283,253
0428	176,174,321,295,153,106,116,195,129,249,28,153,106,116,28,163,321,249,176,174,163,295,195,129
0429	222,354,94,78,223,192,114,293,87,222,114,234,87,274,223,294,354,294,78,192,94,234,293,274
0430	247,257,267,220,286,88,286,124,264,88,79,92,257,51,124,264,247,92,140,267,220,51,140,79
0501	42,136,46,112,156,7,112,46,292,209,111,136,292,111,7,75,175,75,156,175,242,209,42,242
0502	276,14,166,350,119,319,258,245,166,258,320,319,343,350,119,245,173,131,276,14,320,173,343,131
0503	33,49,345,284,76,265,345,49,284,76,252,11,252,265,33,157,278,157,29,278,11,309,29,309
0504	291,204,3,40,150,204,167,215,167,241,263,241,148,150,263,82,291,82,215,77,3,40,148,77
0505	43,240,68,322,68,255,196,139,155,199,36,255,36,4,187,139,196,4,187,240,322,199,43,155
0506	18,206,21,311,169,18,287,200,151,16,169,287,22,307,310,151,310,206,22,21,311,307,200,16
0507	316,26,211,19,296,57,74,316,73,160,228,19,214,26,74,296,160,334,57,214,228,334,73,211
0508	281,133,144,178,133,317,66,329,281,344,123,134,127,317,329,344,270,123,127,270,144,134,66,178
0509	272,269,59,205,59,237,91,162,299,63,37,0,341,269,237,272,37,63,162,205,0,299,341,91
0510	113,236,6,212,113,85,225,235,102,236,346,71,280,102,212,280,225,71,238,6,238,85,235,346
0511	83,224,9,355,230,154,24,230,145,80,9,35,80,35,145,24,170,154,168,83,170,168,224,355
0512	34,218,84,333,290,126,72,126,260,103,333,339,218,72,308,84,260,103,202,339,290,202,308,34
0513	30,39,105,301,149,251,135,105,117,301,210,135,52,251,30,90,52,149,189,117,189,210,39,90
0514	262,181,313,233,243,302,20,313,98,15,298,107,302,184,262,107,243,181,298,20,15,184,233,98
0515	109,141,259,250,55,165,203,231,201,48,109,38,55,100,231,165,203,48,250,259,38,100,201,141
0516	2,282,288,2,45,180,331,268,41,332,279,282,279,197,288,328,331,328,332,197,45,268,180,41
0517	273,142,323,108,194,104,349,143,108,177,323,194,349,47,193,208,273,104,47,208,142,177,193,143
0518	318,12,183,275,13,318,96,17,314,183,315,12,96,53,314,315,325,17,130,275,325,130,13,53
0519	50,56,32,115,327,132,330,101,159,115,330,244,56,327,248,239,159,248,244,50,101,132,239,32
0520	347,335,253,289,266,1,321,253,195,256,335,158,289,65,347,321,1,256,195,65,266,232,158,232
0521	147,8,352,116,60,116,190,353,226,31,277,138,31,219,60,190,277,353,226,138,8,147,352,219
0522	185,223,295,338,114,216,64,271,44,97,338,44,216,97,114,223,185,217,340,217,340,295,64,271
0523	285,122,137,28,326,163,28,285,161,182,121,246,161,326,121,163,182,267,213,122,213,137,267,246
0524	42,62,42,128,118,249,176,58,62,221,58,140,118,319,176,172,350,319,128,350,221,249,140,172
0525	112,14,304,278,188,278,297,79,112,14,354,175,336,258,220,336,79,297,220,354,188,304,258,175
0526	78,265,7,111,283,76,209,283,7,293,78,111,209,222,293,5,265,5,49,164,222,49,76,164
0527	131,254,3,136,68,136,241,81,254,240,27,81,131,241,309,263,3,309,263,69,68,27,69,240
0528	312,124,227,300,93,10,36,157,89,124,36,294,89,307,93,227,157,10,300,307,25,294,312,25
0529	156,120,51,173,120,173,167,206,152,51,234,21,200,156,234,207,255,167,255,152,206,200,207,21
0530	23,40,166,23,66,186,66,125,4,276,88,4,276,146,261,155,146,186,261,88,166,125,155,40
0531	37,329,67,211,324,134,329,67,324,26,134,242,37,22,334,22,171,198,26,171,211,198,334,242
0601	148,169,18,280,236,127,169,286,187,204,148,18,43,287,187,286,287,127,92,204,92,43,236,280
0602	191,306,284,247,191,160,337,342,257,337,63,160,247,54,196,192,257,196,54,342,306,63,192,284
0603	150,126,9,345,150,119,87,162,119,270,320,341,72,126,170,9,162,170,270,341,320,72,87,345
0604	228,299,339,84,133,272,218,299,86,218,86,71,228,133,316,0,322,0,339,71,272,84,322,316
0605	77,98,35,135,110,105,212,149,83,20,168,83,212,238,105,149,135,168,35,77,20,110,98,238
0606	19,344,202,91,75,355,344,102,292,181,202,229,179,39,292,229,39,75,355,179,181,19,91,102
0607	16,99,237,100,348,82,274,123,82,16,103,184,237,184,274,123,348,106,100,298,106,103,99,298
0608	109,107,301,165,262,109,165,303,45,107,214,45,214,11,343,73,303,230,73,262,230,11,343,301
0609	351,174,141,351,90,143,141,129,57,143,174,305,252,2,251,317,305,252,317,251,2,90,57,129
0610	48,53,52,349,308,154,349,52,154,282,113,282,308,48,183,281,183,177,281,142,177,142,53,113
0611	250,38,178,203,231,178,313,145,194,74,47,208,275,250,74,231,275,194,313,208,145,203,38,47
0612	288,189,260,253,197,158,253,80,311,197,104,132,189,311,104,260,80,132,34,158,224,34,224,288
0613	44,139,193,328,41,346,235,190,346,33,44,130,50,239,130,328,239,139,50,41,235,193,33,190
0614	163,32,163,147,85,46,13,225,13,315,85,315,30,32,30,1,138,147,245,138,46,225,1,245
0615	268,144,333,279,271,195,271,266,24,331,268,121,185,24,279,256,185,195,121,331,333,266,144,256
0616	199,232,323,232,347,259,353,327,248,327,323,199,350,347,259,244,201,350,220,248,244,220,201,353
0617	137,354,117,295,182,295,137,151,354,302,314,151,332,65,289,332,289,65,101,117,101,182,314,302
0618	319,15,278,277,233,278,188,326,140,62,319,243,188,233,14,15,277,326,140,14,226,243,62,226
0619	310,352,58,352,273,264,296,309,61,249,31,336,264,31,175,249,336,310,175,309,61,273,58,296
0620	108,42,108,267,112,255,55,209,55,255,6,167,94,51,112,267,51,42,164,209,164,167,6,94
0621	261,254,338,159,294,159,156,294,116,318,285,157,254,285,49,76,338,318,261,116,76,49,156,157
0622	161,234,134,23,198,283,206,161,340,28,258,234,198,206,283,67,258,67,28,81,340,23,81,134
0623	166,215,269,114,166,269,169,172,335,37,173,215,216,169,114,173,335,8,241,172,216,37,241,8
0624	246,66,242,304,131,148,64,29,191,148,304,131,191,64,242,66,276,5,263,5,246,263,29,276
0625	97,88,120,70,88,120,210,97,210,7,18,17,70,337,307,227,128,337,18,17,128,307,7,227
0626	324,247,153,155,133,10,180,247,59,60,211,133,286,180,153,60,155,324,59,10,87,211,87,286
0627	125,96,322,12,54,322,127,222,40,86,221,125,221,96,219,204,40,222,219,54,12,86,204,127
0628	192,205,152,329,105,329,293,238,126,102,293,287,334,238,192,287,205,20,152,102,20,126,334,105
0629	3,22,84,21,229,212,84,229,98,0,3,345,212,93,22,186,98,21,186,339,345,339,93,0
0630	39,110,39,316,355,202,122,291,118,316,341,160,202,291,122,341,355,68,110,16,160,16,118,68
0701	103,228,184,344,187,342,90,228,149,272,150,103,11,187,90,342,184,207,11,272,344,150,207,149
0702	124,301,119,218,320,325,240,301,99,257,165,257,72,240,165,320,325,99,218,73,72,119,124,73
0703	213,292,154,300,63,25,36,270,75,100,154,63,36,4,292,213,168,25,300,168,270,4,100,75
0704	297,343,311,146,79,146,297,162,282,343,107,113,162,197,282,197,45,48,311,79,107,45,48,113
0705	69,47,288,27,35,111,250,35,346,47,290,19,290,284,111,288,250,284,19,308,69,308,27,346
0706	306,179,200,190,171,41,189,177,189,143,41,200,193,179,177,158,171,9,143,193,190,9,306,158
0707	82,56,85,298,194,13,130,85,351,163,82,163,136,130,298,13,56,330,136,138,351,330,194,138
0708	235,91,251,225,92,24,92,24,224,214,348,91,214,141,251,225,232,1,235,348,141,1,224,232
0709	109,95,38,147,176,245,203,196,95,245,196,147,220,109,220,176,32,244,38,203,104,32,244,104
0710	260,317,144,151,299,260,259,248,174,77,259,201,77,248,174,181,302,151,181,302,317,144,299,201
0711	321,50,188,243,331,289,331,178,188,349,34,183,349,44,178,183,170,50,170,44,34,321,289,243
0712	313,274,31,14,281,139,313,281,31,296,273,328,142,267,43,139,43,274,296,273,14,142,267,328
0713	167,226,305,167,326,226,239,279,326,354,145,354,129,279,239,275,336,129,275,352,336,352,305,145
0714	94,55,94,283,230,78,230,76,81,278,135,283,209,266,116,55,278,116,209,81,76,78,135,266
0715	294,46,83,312,164,327,101,157,185,234,164,101,83,258,46,156,258,327,234,312,294,185,157,156
0716	253,33,216,61,2,265,15,6,2,33,314,303,15,216,61,314,115,265,6,182,303,253,182,115
0717	268,42,191,57,268,71,49,191,28,315,249,261,49,206,261,28,262,71,42,262,206,315,57,249
0718	114,137,52,277,175,80,304,227,106,80,208,52,277,114,208,304,307,53,175,137,106,227,53,307
0719	64,70,333,140,269,74,310,70,255,252,255,112,74,195,112,195,310,319,64,269,319,333,252,140
0720	318,148,60,222,318,205,219,205,60,350,54,120,8,219,222,54,148,350,133,172,8,120,133,172
0721	21,121,286,125,152,293,37,121,159,21,159,276,339,152,293,286,339,242,125,242,337,37,276,337
0722	254,39,280,316,332,20,254,211,127,280,10,198,285,332,39,20,285,10,211,186,127,316,186,198
0723	184,212,204,334,134,212,353,192,221,192,215,126,118,161,126,161,204,184,215,353,118,334,221,134
0724	335,17,23,67,160,324,295,236,23,67,165,123,324,160,295,236,65,335,65,291,17,165,123,291
0725	237,207,96,124,264,180,237,169,132,264,287,338,207,124,18,338,169,287,96,18,180,117,132,117
0726	0,75,36,340,344,166,75,51,329,105,256,344,36,97,0,62,105,256,166,329,62,51,97,340
0727	102,322,210,93,290,168,217,93,290,210,5,11,5,73,102,322,11,4,73,229,168,217,4,229
0728	223,325,190,22,66,29,103,173,190,113,103,66,48,68,29,325,173,218,223,22,113,218,68,48
0729	119,213,153,233,138,12,213,111,149,72,347,233,149,309,138,111,347,130,12,72,153,309,119,130
0730	24,91,320,13,90,320,131,100,330,197,131,91,143,343,9,90,330,13,143,197,24,9,100,343
0731	45,189,45,30,1,84,69,220,69,193,163,1,247,220,146,247,84,189,187,146,193,30,163,187
0801	259,232,251,297,99,306,251,228,282,302,238,99,26,147,228,238,297,302,306,232,282,26,259,147
0802	241,355,308,292,355,241,176,86,311,308,176,136,183,144,92,136,260,144,260,92,311,292,86,183
0803	32,107,178,301,240,243,56,110,174,32,301,107,110,178,240,248,272,243,272,248,181,56,174,181
0804	85,326,14,345,346,43,167,346,323,326,38,323,38,317,167,345,289,342,43,342,85,289,317,14
0805	44,331,177,44,55,94,171,348,349,284,171,55,331,284,94,79,349,348,239,170,177,170,79,239
0806	47,104,88,164,275,104,164,156,7,300,7,263,88,271,129,83,271,300,129,156,275,263,47,83
0807	341,135,25,78,141,46,78,278,116,139,116,3,141,158,281,278,25,341,135,281,139,46,158,3
0808	328,209,327,89,315,200,209,59,225,250,265,202,274,59,265,274,202,250,328,327,315,89,200,225
0809	122,227,145,216,245,227,128,303,145,351,313,253,206,157,313,122,128,216,303,351,253,206,157,245
0810	244,16,15,16,49,64,49,64,40,249,34,294,244,80,33,294,182,40,34,249,80,15,33,182
0811	310,230,310,98,52,28,52,196,175,50,333,175,6,28,235,50,71,230,235,196,71,6,333,98
0812	242,27,270,298,252,31,58,336,267,298,54,252,208,336,58,242,270,101,267,54,31,101,208,27
0813	262,214,286,299,350,224,172,152,179,203,152,231,179,214,299,35,231,203,224,262,286,35,172,350
0814	41,185,211,112,70,215,70,273,279,191,211,112,184,279,273,154,185,184,191,205,154,41,205,215
0815	20,201,319,108,283,199,212,192,108,201,194,150,194,82,20,335,192,150,212,82,335,199,319,283
0816	42,288,354,221,337,255,117,354,221,18,288,188,117,42,81,337,18,81,293,352,293,255,188,352
0817	148,257,118,95,257,74,142,151,74,321,137,246,142,123,148,159,137,159,246,151,95,321,123,118
0818	340,269,334,87,140,106,114,11,295,39,87,334,295,307,109,106,11,39,269,140,307,114,109,340
0819	290,73,17,290,60,318,226,76,169,318,73,60,291,254,169,17,226,322,63,254,63,76,291,322
0820	133,68,138,51,102,223,304,173,266,102,173,133,68,190,37,190,304,37,51,103,138,266,103,223
0821	62,268,48,233,160,261,22,233,65,48,125,160,287,268,125,62,22,287,65,261,168,186,168,186
0822	45,312,155,67,130,229,113,21,195,217,195,338,130,120,21,113,45,155,217,338,67,120,312,229
0823	36,30,4,99,121,19,161,19,99,1,30,1,219,121,4,161,36,207,247,207,259,219,259,247
0824	24,57,237,339,220,2,29,24,238,251,12,237,339,29,220,57,193,2,12,251,0,238,0,193
0825	9,204,285,309,9,32,314,258,204,285,277,314,174,277,174,189,344,189,258,296,309,296,344,32
0826	256,241,301,91,289,105,210,198,91,198,56,289,347,248,210,241,302,248,302,256,347,301,105,56
0827	94,345,132,53,345,178,329,305,180,178,131,330,305,330,94,180,131,143,329,84,143,132,53,84
0828	26,197,187,26,166,83,44,96,124,147,44,166,79,77,66,197,79,66,96,187,83,147,124,77
0829	149,88,162,149,316,232,316,134,38,234,332,47,236,163,232,332,134,234,236,38,47,88,163,162
0830	222,271,348,292,13,280,278,14,271,292,349,25,348,213,13,222,280,213,276,25,278,276,349,14
0831	297,228,311,116,170,157,116,111,165,111,157,43,311,346,43,346,89,144,89,144,228,170,297,165
0901	110,135,272,164,202,324,245,260,282,110,320,324,342,135,245,202,282,342,225,320,260,164,272,225
0902	218,122,313,98,156,313,158,294,92,86,122,72,355,341,72,98,294,355,86,341,92,158,218,156
0903	71,136,119,75,145,325,328,145,16,7,100,16,240,75,7,240,119,136,100,328,325,227,71,227
0904	55,58,101,55,326,171,58,115,239,171,141,115,101,28,263,353,326,128,239,141,28,263,128,353
0905	31,107,46,183,27,244,230,327,107,183,31,153,298,327,46,230,286,323,298,286,27,244,153,323
0906	205,303,184,139,52,33,350,70,303,184,205,283,177,33,139,104,283,52,146,177,350,146,70,104
0907	249,200,194,15,275,194,214,319,64,319,182,127,41,182,275,127,333,41,200,214,15,64,333,249
0908	78,23,315,211,23,185,35,78,49,317,40,61,352,317,185,40,49,208,352,315,61,208,211,35
0909	209,34,231,216,270,95,209,196,95,34,288,196,288,176,3,274,3,274,175,176,231,270,175,216
0910	188,242,199,262,152,117,159,20,140,152,20,191,246,262,242,224,191,140,224,117,188,246,159,199
0911	81,74,93,114,123,114,250,126,123,169,74,295,93,254,250,5,87,126,87,254,81,169,295,5
0912	106,39,102,85,106,173,252,284,85,321,8,235,168,102,264,39,252,8,321,235,168,284,264,173
0913	68,310,308,109,290,109,310,308,21,113,215,148,167,186,67,113,186,148,67,215,21,290,68,167
0914	73,331,268,129,112,129,221,10,172,10,172,255,73,76,125,255,331,112,219,221,219,268,125,76
0915	207,190,45,120,45,257,336,48,257,273,261,203,273,12,120,12,22,48,203,336,190,207,261,22
0916	269,4,285,137,60,4,137,279,1,179,285,60,279,212,179,269,1,233,108,97,233,108,212,97
0917	18,299,19,266,299,287,309,304,287,19,17,302,266,309,256,18,304,51,301,17,51,256,302,301
0918	300,195,160,59,2,347,37,181,180,345,37,59,195,105,94,180,105,181,300,347,345,94,160,2
0919	50,0,187,82,187,53,69,80,138,11,343,69,82,11,53,0,50,223,36,223,343,80,36,138
0920	142,198,253,338,38,335,6,335,338,6,220,118,193,329,150,38,118,220,329,198,150,253,142,193
0921	334,162,277,130,277,32,131,121,143,121,155,238,332,155,332,143,162,334,130,24,32,238,24,131
0922	204,26,226,306,189,63,154,251,226,26,63,43,213,133,43,306,251,204,189,213,99,154,133,99
0923	322,163,132,192,163,66,225,62,234,192,281,165,342,289,62,234,342,66,132,281,322,289,225,165
0924	30,236,312,320,355,98,320,197,124,258,197,294,258,297,355,79,294,236,124,30,98,312,297,79
0925	158,157,222,210,271,157,14,210,149,291,271,14,156,313,351,307,156,149,351,313,158,307,291,222
0926	141,90,42,90,353,171,136,339,324,354,339,354,56,116,141,56,136,57,171,42,57,353,324,116
0927	232,25,325,240,91,276,83,145,272,170,232,170,276,227,25,83,244,240,145,91,325,227,244,272
0928	44,135,65,340,206,65,248,119,86,280,340,44,206,260,86,119,260,107,146,280,107,146,135,248
0929	15,229,147,178,298,245,348,344,323,27,323,245,201,348,147,101,344,15,201,178,101,229,298,27
0930	278,326,70,103,282,28,326,282,317,211,151,28,151,278,70,316,317,211,202,103,55,202,316,55
1001	311,144,54,350,115,292,166,311,9,175,350,175,327,16,315,327,16,144,9,315,292,166,54,115
1002	319,194,52,228,263,262,58,184,319,96,58,246,52,246,263,247,96,194,224,262,228,184,224,247
1003	89,267,33,152,267,74,169,111,237,72,74,33,92,89,92,286,237,169,152,34,111,286,72,34
1004	284,328,250,209,5,95,31,64,93,5,168,328,250,231,284,218,209,31,168,64,218,93,231,95
1005	102,283,208,318,39,270,8,161,318,349,8,214,113,214,349,283,270,102,314,39,113,161,208,314
1006	185,88,303,49,268,49,164,35,352,87,243,241,185,35,88,352,303,164,205,243,241,87,205,268
1007	41,273,331,134,71,331,308,61,71,249,13,129,13,249,176,47,134,273,129,308,47,41,176,61
1008	221,215,84,77,215,337,255,77,337,333,114,207,265,114,3,333,22,84,3,22,221,255,207,265
1009	295,76,288,305,73,76,269,295,186,305,167,287,186,174,183,288,174,269,73,235,287,183,167,235
1010	239,68,336,259,112,94,2,68,336,259,94,203,296,203,217,106,321,217,2,296,321,239,106,112
1011	75,125,75,275,127,153,59,275,122,0,347,153,219,59,173,0,127,122,190,173,347,219,125,190
1012	310,187,50,11,301,50,123,117,180,117,252,12,11,19,187,180,310,12,252,19,301,346,123,346
1013	254,230,254,40,300,81,53,253,182,78,37,199,230,40,81,253,46,182,53,46,37,78,300,199
1014	48,293,128,130,160,216,338,154,139,290,306,85,293,48,216,128,154,130,306,139,85,290,160,338
1015	159,341,138,299,18,330,159,32,18,261,51,36,212,32,212,36,341,299,138,177,261,51,330,177
1016	165,155,309,198,66,334,213,302,332,172,334,258,155,197,332,198,258,302,66,213,197,172,309,165
1017	137,163,4,225,137,225,191,234,163,4,142,62,29,63,234,29,62,242,312,191,63,312,242,142
1018	355,313,320,17,285,30,277,322,233,274,355,320,233,162,322,17,30,274,162,285,353,277,313,353
1019	304,79,304,244,192,1,20,110,192,110,20,294,118,294,118,171,222,171,148,79,1,244,148,222
1020	45,67,10,257,189,133,45,65,56,10,133,56,179,67,179,210,257,200,150,200,150,189,210,65
1021	170,80,6,38,220,109,220,109,170,178,140,329,38,100,329,140,344,196,6,178,100,196,80,344
1022	316,188,98,236,271,188,324,105,223,82,236,298,280,82,271,69,324,105,69,298,223,280,98,316
1023	151,272,157,119,276,70,158,157,272,211,70,90,23,115,276,151,23,115,43,211,119,90,43,158
1024	135,141,166,135,175,291,149,131,52,14,195,340,245,340,14,52,291,131,149,195,245,175,166,141
1025	335,289,335,289,42,246,16,144,107,132,42,25,107,72,132,323,16,144,72,27,25,323,246,27
1026	328,343,147,317,60,193,343,350,342,278,350,328,342,238,317,147,111,193,238,278,89,60,89,111
1027	206,232,31,270,228,206,31,251,311,270,282,218,54,184,15,232,15,228,311,282,218,251,184,54
1028	247,307,9,152,247,181,9,168,104,143,214,307,327,168,143,241,224,104,181,214,327,224,241,152
1029	349,99,349,318,315,308,201,156,201,286,96,331,86,286,39,331,315,96,86,39,156,318,99,308
1030	249,124,120,202,95,202,120,91,126,283,95,297,249,47,91,145,351,124,126,351,283,145,47,297
1031	146,287,93,49,303,146,5,92,34,129,92,5,129,61,287,262,303,49,22,262,93,61,34,22
1101	88,217,339,134,337,102,76,339,76,266,267,337,88,288,134,217,250,266,288,250,267,314,102,314
1102	116,275,264,114,26,186,114,153,68,153,33,68,33,240,26,264,226,186,24,226,275,240,24,116
1103	8,103,35,50,74,227,229,35,265,73,229,8,58,227,260,73,255,58,103,255,50,265,260,74
1104	305,300,164,161,230,284,296,161,44,305,296,183,269,284,230,183,173,300,44,164,173,87,269,87
1105	199,292,333,154,333,295,41,59,7,59,94,123,94,123,199,7,209,321,209,321,41,295,292,154
1106	85,190,187,190,113,71,53,243,53,187,21,219,71,37,3,319,85,37,219,21,243,319,113,3
1107	293,2,263,347,32,204,174,84,204,235,84,28,174,28,32,347,293,354,263,97,235,97,2,354
1108	108,326,252,138,51,106,326,301,221,332,325,346,108,51,83,138,221,252,346,301,332,83,106,325
1109	46,12,130,160,205,55,46,4,253,55,12,130,142,338,253,182,17,160,205,338,182,142,4,17
1110	215,309,172,0,48,172,194,215,279,348,194,11,48,309,348,336,299,176,0,11,299,279,176,336
1111	101,180,313,197,20,121,81,121,110,242,222,197,63,277,101,222,20,63,313,81,242,277,110,180
1112	285,6,10,64,10,64,185,233,6,273,139,345,122,274,345,233,285,185,290,273,139,122,290,274
1113	105,112,109,163,200,177,38,216,200,105,216,67,79,112,13,109,163,13,67,177,79,257,38,257
1114	66,18,220,119,18,304,66,220,330,203,78,254,330,40,304,119,254,248,167,248,203,167,40,78
1115	212,189,213,223,341,225,207,140,207,155,225,198,223,140,302,198,302,155,212,312,189,341,312,213
1116	14,1,100,135,29,23,115,151,29,149,179,151,135,1,117,77,14,115,77,179,100,149,23,117
1117	195,281,231,236,132,256,344,340,132,344,256,306,56,70,306,231,236,322,70,195,340,56,281,322
1118	144,310,188,310,208,355,169,218,118,208,169,98,350,218,98,355,170,118,170,60,144,188,350,60
1119	335,184,311,316,334,327,298,184,334,175,42,72,327,162,343,311,343,162,316,335,298,175,42,72
1120	54,308,307,210,54,171,75,228,31,171,228,245,320,245,75,31,349,210,308,320,307,286,349,286
1121	150,36,150,249,57,249,258,47,111,127,104,136,196,36,280,196,127,104,280,47,136,111,258,57
1122	61,45,52,45,62,251,52,261,9,351,329,251,315,329,214,61,351,315,30,261,9,30,214,62
1123	324,314,323,283,166,89,283,291,166,158,276,89,69,323,276,324,107,217,291,217,69,158,107,314
1124	237,102,152,102,120,152,239,24,331,268,331,120,192,168,237,92,239,268,88,192,92,168,88,24
1125	264,352,128,76,156,287,240,156,352,265,25,271,25,265,317,128,297,76,297,317,264,240,287,271
1126	146,305,146,278,39,99,250,153,234,148,278,99,148,133,50,305,232,153,234,232,250,39,133,50
1127	116,173,65,260,262,226,93,125,65,186,342,116,226,154,260,173,123,342,125,93,186,262,154,123
1128	58,126,266,141,124,126,114,44,114,41,44,85,58,191,41,43,27,191,266,85,43,141,124,27
1129	178,2,53,181,206,288,178,53,294,2,143,174,143,206,288,333,294,91,333,91,318,181,174,318
1130	275,113,82,49,319,202,339,301,137,303,137,113,346,202,59,339,346,59,82,301,303,275,319,49
1201	21,95,246,326,8,183,131,68,157,4,252,68,354,246,4,183,131,326,95,157,21,354,8,252
1202	35,230,229,241,193,147,337,147,337,55,241,325,230,325,193,74,229,145,55,145,293,35,74,293
1203	270,16,197,7,71,309,16,182,277,12,353,197,12,205,182,205,353,284,7,277,71,309,284,270
1204	161,219,211,10,81,0,209,219,83,211,63,0,209,161,5,336,10,134,83,134,63,336,5,81
1205	138,38,338,28,282,199,338,227,177,190,269,28,269,138,199,185,282,190,185,101,227,101,38,177
1206	13,119,290,96,13,295,221,121,32,96,290,332,110,106,221,295,119,106,110,215,121,32,215,332
1207	22,33,296,84,272,67,222,103,172,140,33,22,222,348,140,84,348,172,103,272,296,34,67,34
1208	6,40,78,220,77,105,78,263,40,105,263,345,167,129,167,77,225,6,247,345,129,220,225,247
1209	273,163,122,313,163,292,48,142,149,204,292,204,48,97,122,149,313,344,3,273,97,142,3,344
1210	279,254,302,160,180,176,259,213,112,259,15,180,302,90,176,254,279,15,160,244,213,112,244,90
1211	201,151,310,257,201,327,151,189,238,29,322,238,218,236,189,310,236,17,257,29,218,17,327,322
1212	224,164,64,289,11,188,42,343,203,233,37,18,343,11,188,42,164,233,18,37,289,64,224,203
1213	243,195,51,109,255,56,175,171,341,94,56,171,195,328,94,109,187,341,51,187,328,255,175,243
1214	214,73,216,245,73,214,347,334,228,299,347,258,216,170,249,245,256,228,258,299,334,256,249,170
1215	298,30,307,248,57,314,307,298,30,159,139,132,159,139,66,132,70,248,210,57,314,70,210,66
1216	251,166,61,47,165,321,274,135,321,267,283,335,75,283,47,75,165,61,335,251,267,135,274,166
1217	52,184,261,89,162,308,79,89,76,184,79,300,46,212,308,212,52,312,300,312,46,76,261,162
1218	237,98,144,217,281,268,69,136,98,136,144,349,237,291,281,50,291,349,99,69,99,217,50,268
1219	317,127,155,306,297,317,192,340,158,127,152,192,306,158,297,320,1,152,115,155,115,1,340,320
1220	324,194,271,208,85,316,154,169,111,350,111,271,350,264,85,194,154,264,72,316,324,169,208,72
1221	173,87,266,207,198,333,100,14,173,207,87,93,330,355,100,102,266,93,330,102,355,14,198,333
1222	113,196,156,125,206,304,120,206,174,54,156,231,114,54,231,125,113,196,288,174,288,114,120,304
1223	23,86,287,4,117,183,123,117,329,323,23,329,118,287,346,123,323,346,118,24,4,24,183,86
1224	235,223,275,239,126,239,126,31,193,107,275,9,280,253,223,193,107,9,124,235,31,253,280,124
1225	311,305,226,178,229,226,262,197,178,229,16,108,145,262,168,153,311,305,168,153,197,145,108,16
1226	7,131,39,301,250,128,336,128,5,278,39,336,301,294,137,250,7,146,137,131,294,5,278,146
1227	242,80,0,104,43,141,81,104,0,331,45,234,141,68,134,43,81,331,134,234,242,45,80,68
1228	58,10,211,147,270,65,10,332,339,211,315,332,269,181,339,58,181,270,147,82,269,315,82,65
1229	282,121,319,67,121,116,276,209,35,209,116,62,282,319,276,352,35,352,161,227,62,227,161,67
1230	215,177,167,202,205,177,27,92,130,277,240,92,205,202,200,167,27,130,277,215,260,240,200,260
1231	84,157,19,96,293,263,157,19,33,150,263,84,220,44,49,96,49,220,33,74,150,44,74,293
