0101	344,204,154,121,36,215,284,235,331,104,119,9,121,152,249,284,215,119,122,344,212,331,314,9,103,212,152,204,235,348,103,122,314,36,154,198,249,348,104,198
0102	11,325,306,266,196,318,68,257,23,58,266,350,189,169,236,203,350,203,23,176,47,257,128,352,189,68,47,169,196,58,318,128,299,325,11,299,236,352,306,176
0103	35,29,201,343,29,44,341,136,48,185,146,32,264,263,341,44,48,264,338,109,32,35,137,201,343,112,162,263,136,7,338,162,209,7,146,112,209,185,109,137
0104	117,316,26,126,317,221,26,202,276,117,276,180,308,100,88,81,202,319,0,349,81,126,313,88,62,100,62,71,313,0,286,71,349,308,317,286,221,180,316,319
0105	273,246,86,187,96,232,96,227,339,355,213,138,335,223,330,246,335,187,67,351,116,206,129,232,355,86,278,116,129,138,330,351,339,213,227,206,278,67,273,223
0106	280,312,287,272,97,177,110,45,28,293,97,20,342,153,251,231,20,234,89,24,149,231,230,153,110,230,251,28,177,24,312,272,149,293,234,89,280,342,45,287
0107	222,175,346,192,179,195,157,200,72,291,139,156,304,346,161,17,145,222,139,156,304,79,256,291,175,192,124,17,79,161,195,101,72,179,200,256,101,157,124,145
0108	173,294,63,239,19,294,160,321,190,33,65,56,33,98,188,65,98,56,337,4,239,173,19,214,226,334,321,337,191,260,214,160,188,260,63,4,191,190,226,334
0109	336,174,168,38,133,208,84,38,127,194,84,1,194,217,240,208,174,229,262,43,2,217,127,240,229,269,336,133,333,25,262,168,25,43,333,135,269,1,2,135
0110	243,277,70,277,6,16,70,353,332,268,132,211,165,255,211,140,82,165,243,166,132,37,134,113,82,6,353,37,140,252,61,134,166,113,332,268,16,252,61,255
0111	275,30,164,91,87,30,87,155,8,91,290,327,78,115,184,159,155,143,78,197,27,270,164,92,197,92,275,285,290,285,184,8,52,270,27,327,52,115,159,143
0112	292,172,90,107,74,300,323,69,340,207,107,244,292,295,39,57,90,39,178,141,340,210,69,300,210,3,141,10,131,57,207,131,10,244,178,172,74,323,295,3
0113	106,224,31,170,219,345,5,99,261,288,219,31,309,297,233,99,309,54,303,233,288,120,77,224,170,5,54,42,303,345,49,76,42,77,49,297,261,120,76,106
0114	329,322,315,144,310,21,247,326,22,324,245,281,51,144,199,83,247,326,21,245,15,13,22,329,310,83,315,322,94,15,102,281,94,199,324,108,51,102,13,108
0115	128,284,105,331,47,328,47,66,105,95,258,167,14,128,181,150,344,258,150,181,95,60,93,331,80,186,66,328,64,14,60,80,284,259,344,93,64,259,186,167
0116	265,306,162,123,34,254,298,254,182,73,125,119,182,119,299,114,352,325,301,306,282,12,248,123,299,158,12,73,352,325,248,298,125,34,282,301,158,265,114,162
0117	112,264,209,319,296,354,242,341,307,319,257,307,341,185,85,50,212,257,185,112,50,18,137,85,100,296,137,109,228,264,75,212,209,75,109,242,100,18,354,228
0118	202,171,308,318,305,46,235,136,46,289,271,136,305,111,318,171,225,289,130,271,71,225,180,130,263,215,308,220,180,215,235,232,111,274,220,263,274,202,232,71
0119	41,0,201,126,205,44,55,205,278,246,273,320,146,59,146,278,44,273,126,201,343,176,0,59,41,355,55,320,28,176,32,169,183,343,169,32,246,28,183,355
0120	89,287,342,218,234,236,342,148,287,234,81,351,138,187,153,236,223,121,142,89,314,67,223,218,24,349,24,163,314,138,67,349,148,351,163,187,121,153,142,81
0121	116,293,104,86,157,17,222,23,316,23,253,237,316,36,40,118,17,36,253,161,86,286,152,347,118,157,40,104,347,48,222,116,124,48,161,124,237,286,293,152
0122	240,139,56,339,262,214,213,339,238,206,266,214,213,262,149,98,62,238,227,294,58,149,9,98,192,221,334,9,58,139,240,334,266,192,221,62,206,56,227,294
0123	165,203,68,272,216,68,216,1,173,63,33,313,193,321,260,127,26,302,203,173,302,174,276,338,165,335,260,26,63,174,335,338,321,193,1,272,33,127,276,313
0124	110,45,211,4,333,4,129,252,330,88,229,184,337,103,70,200,291,249,211,110,200,330,348,84,134,88,134,103,129,70,249,291,184,84,348,333,229,45,337,252
0125	346,107,241,168,217,275,159,191,217,208,30,175,2,175,11,226,256,191,269,168,275,2,107,37,160,290,226,147,290,241,208,256,269,147,37,346,30,159,160,11
0126	91,135,190,143,61,96,190,154,350,87,312,20,96,297,304,91,304,82,20,327,250,61,244,250,244,327,115,297,154,204,277,82,277,115,312,87,204,135,143,350
0127	332,295,194,155,323,31,106,72,219,101,19,309,5,219,31,336,239,69,336,141,295,194,76,155,309,141,332,239,69,97,76,106,303,101,323,72,5,19,303,97
0128	6,90,131,14,144,353,131,322,280,198,3,166,39,27,6,285,345,92,120,195,90,3,353,280,132,54,345,27,285,92,322,195,39,54,166,14,120,144,132,198
0129	95,197,21,328,281,196,326,281,317,328,151,326,233,21,43,344,233,199,122,156,43,47,151,261,317,156,47,344,189,170,197,95,292,261,292,170,189,199,196,122
0130	15,34,65,324,230,42,248,210,255,49,255,102,340,177,230,13,248,49,207,13,210,270,177,340,270,257,224,186,102,42,25,207,65,25,324,15,224,257,186,34
0131	73,100,113,137,209,258,112,117,209,100,315,113,53,341,284,46,108,112,258,231,341,18,352,117,158,243,137,315,284,231,352,46,158,243,73,53,247,108,247,18
0201	171,271,60,308,111,109,119,220,299,271,185,22,75,119,109,288,22,296,182,289,288,267,133,308,123,133,60,75,111,185,299,267,123,182,220,171,289,318,296,318
0202	273,85,232,264,66,310,77,301,52,264,307,225,300,301,223,225,77,274,342,188,300,52,145,232,274,310,85,201,66,55,145,329,201,342,273,223,307,329,188,55
0203	179,104,162,16,282,81,282,181,105,179,50,16,104,114,57,263,28,114,235,59,125,164,162,234,181,50,140,81,57,164,140,125,28,263,234,59,146,235,146,105
0204	121,48,354,215,86,331,29,118,331,238,176,121,118,93,32,7,172,163,176,24,71,163,64,172,64,24,71,213,354,124,213,215,86,238,32,124,29,93,7,48
0205	222,63,150,305,36,222,63,130,153,83,74,38,8,38,153,278,83,178,228,254,278,74,306,116,305,306,62,8,254,116,187,178,266,62,228,266,187,130,150,36
0206	161,174,98,293,157,12,319,286,245,12,193,79,161,157,98,180,272,35,174,193,246,165,10,79,293,319,206,246,165,286,35,180,142,245,10,68,272,68,206,142
0207	279,337,339,320,283,236,202,279,126,128,11,202,320,348,134,335,291,9,136,149,249,9,134,334,11,283,348,334,128,291,249,149,126,337,252,335,236,252,136,339
0208	148,107,298,154,40,216,45,17,45,26,298,191,287,4,330,70,333,221,338,4,127,333,349,316,287,349,17,191,70,154,338,221,40,330,316,127,216,26,148,107
0209	184,212,44,276,61,218,277,44,260,250,218,276,41,277,200,327,190,351,200,184,212,190,91,321,351,89,355,250,204,91,61,204,321,167,260,41,89,355,167,327
0210	175,76,323,183,175,253,251,268,350,76,253,168,5,269,214,269,115,138,192,194,168,194,115,346,268,183,303,214,346,132,103,303,251,138,192,350,103,323,5,132
0211	227,265,27,155,80,88,87,195,88,244,290,314,80,227,314,159,51,244,51,67,99,233,290,155,208,237,159,208,237,67,99,27,78,265,92,233,195,87,78,92
0212	242,325,90,0,13,242,3,0,14,23,106,14,325,328,13,160,90,328,106,294,226,19,120,19,226,259,317,241,110,3,84,259,241,110,317,84,294,120,23,160
0213	295,347,280,6,285,1,198,101,143,131,198,31,257,285,347,43,297,295,1,101,177,297,31,207,211,131,207,243,257,243,143,177,211,322,280,43,322,141,6,141
0214	203,281,344,158,345,95,96,95,170,108,302,94,344,139,240,49,281,58,96,170,94,189,156,345,139,240,156,49,189,108,30,58,30,209,302,203,158,312,209,312
0215	109,69,56,171,109,69,122,21,117,284,2,224,197,224,292,42,56,182,135,112,324,144,20,73,2,135,171,292,284,20,112,144,122,117,324,21,197,73,182,42
0216	353,342,311,145,147,169,82,77,275,77,65,342,353,255,196,75,304,169,311,151,65,147,196,309,304,309,57,151,255,188,75,111,275,111,188,145,271,82,271,57
0217	315,343,164,223,315,104,46,231,341,231,81,332,59,258,332,100,308,28,59,81,22,341,308,235,125,258,235,100,104,164,223,46,34,256,343,125,28,256,34,22
0218	232,270,176,53,261,232,47,248,179,326,220,53,7,186,24,248,97,179,47,7,270,267,137,176,15,146,220,186,137,238,97,146,118,267,15,326,238,118,261,24
0219	354,305,264,296,18,273,201,336,215,336,62,172,273,313,116,63,199,62,329,217,264,116,172,63,50,313,217,262,105,18,329,296,50,199,215,354,201,305,105,262
0220	152,9,129,72,174,310,33,180,93,180,25,152,150,9,71,352,129,266,293,25,266,352,123,83,174,71,293,162,219,93,33,310,150,72,219,123,301,83,301,162
0221	272,130,153,163,130,239,12,272,230,205,38,286,85,163,79,239,161,166,230,157,85,38,12,236,205,153,166,79,339,55,300,161,126,55,126,339,286,236,300,157
0222	8,299,48,247,127,327,173,16,348,338,299,247,127,114,48,282,45,68,338,187,60,318,221,245,60,334,187,348,45,68,173,16,334,114,327,318,245,282,221,8
0223	323,193,246,287,154,193,228,316,331,323,254,287,331,149,340,128,86,4,74,119,316,178,149,178,119,154,340,128,74,254,140,349,246,86,349,40,4,40,140,228
0224	181,41,191,260,76,276,98,91,337,41,268,35,91,253,76,350,5,184,121,32,5,184,35,253,268,191,260,350,121,252,115,337,283,181,276,98,32,115,252,283
0225	250,195,165,346,206,274,320,19,229,320,234,183,134,195,206,233,194,134,183,298,204,138,165,250,335,229,306,107,194,19,306,234,274,233,204,298,138,107,346,335
0226	92,120,241,61,242,289,37,242,259,307,225,133,61,52,249,225,120,279,92,279,289,148,333,202,307,133,259,132,333,0,241,0,132,328,202,148,37,249,328,52
0227	355,226,265,244,29,265,212,99,160,14,214,14,106,319,280,212,43,141,142,101,226,106,17,237,43,29,319,244,280,142,101,278,141,214,99,17,237,160,278,355
0228	70,345,159,285,216,257,175,314,103,192,344,257,70,87,3,155,314,345,30,3,155,192,175,1,21,95,87,103,30,21,222,291,95,1,159,291,285,216,222,344
0229	295,64,277,295,210,277,64,26,136,167,312,197,189,26,218,240,210,135,218,69,312,167,294,189,10,2,185,135,139,294,10,139,69,185,347,2,197,240,136,347
0301	297,322,309,171,321,102,251,227,190,102,57,322,182,196,297,190,111,255,42,227,6,269,6,27,269,321,251,324,325,196,27,171,324,57,42,325,255,182,111,309
0302	137,67,343,308,248,67,177,137,275,75,51,304,308,275,281,200,281,104,75,332,177,77,353,200,343,170,147,108,51,332,104,13,77,108,304,248,147,170,353,13
0303	97,82,179,258,211,124,18,39,156,179,284,54,18,39,7,168,100,176,81,82,28,100,113,284,211,125,176,168,113,156,125,81,23,54,7,23,258,124,97,28
0304	288,290,288,290,122,264,93,198,263,109,80,73,220,313,122,172,264,351,15,109,243,263,73,198,220,169,351,270,169,231,270,15,231,93,172,262,243,262,80,313
0305	20,33,217,158,217,112,209,199,12,207,123,56,174,63,83,33,153,174,238,207,158,112,199,236,63,236,208,56,208,34,116,34,116,20,153,238,123,209,83,12
0306	131,180,36,223,88,299,85,329,180,79,50,302,256,329,66,317,117,354,292,85,118,299,66,88,292,36,223,118,50,131,157,317,215,302,215,354,79,117,157,256
0307	286,129,49,145,187,59,203,150,205,339,296,150,273,205,53,301,310,301,271,25,219,129,25,203,339,273,219,201,49,173,145,187,310,59,53,296,201,286,271,173
0308	44,338,330,94,247,130,318,55,272,311,96,349,143,130,48,55,338,230,35,349,94,149,96,44,326,143,311,16,247,272,149,230,330,48,68,16,318,68,35,326
0309	8,76,119,293,9,84,260,184,260,24,191,163,9,24,84,114,340,71,8,184,336,152,119,235,11,114,76,340,239,60,11,191,60,336,239,71,163,152,293,235
0310	78,166,194,19,327,193,78,320,253,40,250,115,320,188,228,166,224,342,261,315,224,194,315,250,115,40,342,19,188,148,134,327,221,228,193,134,148,253,221,261
0311	32,334,249,232,132,45,37,181,249,32,22,334,232,22,267,246,5,267,65,121,58,138,37,65,45,132,151,323,181,121,98,5,246,120,151,120,58,323,138,98
0312	178,252,164,101,178,46,316,331,316,127,46,204,4,204,331,41,337,14,107,4,337,266,252,74,350,127,266,146,307,164,350,74,41,183,146,101,307,107,14,183
0313	306,106,306,133,167,162,2,86,110,62,21,155,274,144,278,62,1,155,162,319,3,319,1,333,106,3,2,95,167,278,87,86,274,144,95,333,110,87,133,21
0314	165,99,165,212,312,136,225,259,312,139,289,38,347,233,355,289,348,105,347,91,225,251,212,26,355,91,139,259,43,251,26,348,136,303,43,303,233,105,99,38
0315	154,57,10,102,140,186,298,17,175,10,17,276,64,206,102,216,291,297,64,57,229,186,297,242,154,279,309,206,216,234,298,234,279,242,291,276,175,140,309,229
0316	214,308,294,69,335,159,171,341,294,332,171,257,104,275,268,159,147,332,147,200,345,325,69,218,192,104,345,214,192,341,257,200,218,268,70,335,325,308,275,70
0317	27,346,314,284,220,137,100,179,125,211,27,179,77,103,13,227,321,168,220,258,54,227,30,346,137,328,77,30,13,125,211,314,258,100,54,328,103,321,168,284
0318	182,255,280,189,254,156,47,51,295,290,305,226,80,295,287,237,182,124,226,196,287,196,285,254,290,73,285,156,73,237,343,305,51,80,124,255,343,280,189,47
0319	344,174,180,322,42,180,270,67,270,128,208,241,185,209,281,329,244,283,243,128,244,208,97,83,97,174,241,283,277,322,67,243,281,83,344,185,329,209,277,42
0320	273,153,238,66,313,153,302,131,39,18,238,88,177,223,131,72,66,28,273,302,72,36,122,39,36,50,28,351,313,223,33,88,351,18,122,50,299,33,299,177
0321	93,215,292,92,219,256,23,215,202,301,213,205,296,324,20,301,12,213,248,205,231,202,92,296,256,20,248,23,150,85,245,219,245,231,324,85,12,93,150,292
0322	354,236,157,163,108,158,117,89,169,207,236,31,90,326,300,195,339,300,172,353,163,354,207,142,117,15,169,89,339,15,157,172,195,142,158,353,90,31,326,108
0323	76,63,60,340,34,310,11,84,60,113,184,217,349,76,304,217,239,288,11,272,96,288,272,113,96,239,310,349,340,79,197,84,63,197,184,210,304,210,79,34
0324	250,109,5,118,109,311,8,61,22,16,176,269,16,247,269,44,240,55,230,35,129,247,230,22,240,129,250,55,5,44,170,222,311,8,118,170,35,61,222,176
0325	260,40,59,116,350,152,81,53,315,81,98,53,173,32,166,263,116,135,232,253,40,350,262,263,166,330,135,320,330,253,315,260,32,262,152,98,173,320,59,232
0326	282,164,148,266,114,29,293,9,319,107,261,282,123,78,286,58,107,9,331,37,114,111,148,352,29,37,352,78,249,58,266,319,249,293,123,331,164,111,261,286
0327	65,274,203,183,265,121,49,25,336,110,26,265,110,46,274,336,25,167,318,65,203,26,246,278,134,264,121,246,264,71,41,71,134,46,318,41,167,183,49,278
0328	235,138,312,221,0,21,233,355,199,316,199,235,160,106,141,312,160,228,3,141,3,14,316,21,14,151,112,233,151,355,333,188,0,333,106,228,138,221,112,188
0329	133,145,2,7,17,251,297,267,133,162,155,251,162,91,2,218,19,102,291,348,68,155,298,191,7,297,298,259,145,191,291,259,91,17,68,102,348,218,19,267
0330	1,224,345,212,175,224,1,309,341,70,201,271,317,147,181,43,252,289,127,149,178,175,43,289,317,147,341,181,70,212,146,309,201,178,252,127,271,345,149,146
0331	120,325,86,95,225,95,159,165,321,275,52,306,100,24,74,165,306,139,342,13,74,13,206,24,120,325,159,342,86,275,303,225,206,321,139,52,334,303,334,100
0401	45,154,179,182,343,82,192,216,4,87,10,254,10,4,30,196,6,143,305,154,196,229,220,305,45,346,220,87,6,216,346,82,179,143,254,30,192,343,229,182
0402	257,314,115,200,27,307,242,28,287,38,283,209,140,28,287,283,226,174,124,257,168,124,226,101,174,38,101,258,187,200,258,314,27,307,187,242,209,115,140,168
0403	171,132,290,62,211,94,66,122,214,211,75,97,94,290,273,88,97,280,51,130,75,280,48,237,273,237,137,130,214,66,171,234,137,48,132,88,234,122,62,51
0404	204,236,33,193,131,136,131,236,156,337,322,204,189,150,322,276,194,64,244,119,42,276,117,244,351,156,337,42,117,193,33,351,308,194,150,119,136,189,64,308
0405	125,163,177,12,339,292,15,323,125,99,323,208,99,292,12,103,243,335,202,243,353,248,340,284,208,163,284,18,15,353,177,20,340,339,248,202,103,20,18,335
0406	255,85,207,197,349,302,255,197,128,50,299,347,50,302,349,157,245,344,153,300,231,157,300,299,144,245,296,85,347,54,153,304,144,128,231,304,54,344,296,207
0407	93,172,205,109,205,256,238,180,47,105,277,256,277,56,109,104,238,96,105,142,223,31,172,270,47,56,270,39,44,186,31,180,93,142,39,223,104,44,96,186
0408	354,90,295,261,330,23,329,310,279,285,126,34,63,329,301,79,295,40,279,40,185,126,135,23,90,330,185,164,301,261,164,79,210,135,34,354,210,285,310,63
0409	198,324,230,272,266,264,84,116,262,324,272,73,294,69,269,73,55,326,230,266,213,262,350,69,294,166,198,350,166,116,269,55,152,84,264,176,152,213,326,176
0410	288,232,355,241,328,312,265,108,77,328,203,121,336,313,239,76,253,222,313,108,239,78,121,282,222,336,312,77,203,232,293,78,288,265,293,76,355,253,241,282
0411	338,247,338,316,281,9,160,227,188,134,247,110,316,9,160,106,246,113,320,190,65,106,332,80,281,190,227,315,332,134,188,118,110,118,320,80,246,315,113,65
0412	114,46,114,228,59,251,41,228,184,268,29,249,169,16,251,11,268,11,184,235,91,0,235,29,138,16,26,46,91,167,41,138,26,0,167,83,59,169,249,83
0413	318,36,52,49,148,260,133,2,158,224,67,155,68,95,17,181,274,158,148,181,49,133,2,260,212,278,212,178,95,178,155,68,52,67,278,36,318,224,274,17
0414	162,57,107,286,100,165,107,161,250,298,100,19,81,286,173,161,297,173,348,297,120,32,217,348,217,298,303,32,25,120,250,303,19,57,275,25,162,165,275,81
0415	22,175,35,60,192,334,319,35,87,331,175,5,334,101,37,333,254,331,7,87,61,37,311,179,60,146,5,179,61,22,341,101,341,333,254,192,146,7,311,319
0416	218,214,45,305,124,154,1,24,218,1,102,219,305,124,13,45,214,215,27,141,24,199,141,70,92,70,283,13,215,219,154,102,43,199,233,92,43,27,283,233
0417	112,306,14,51,229,306,307,66,325,132,195,263,14,187,112,21,259,115,229,307,342,317,259,174,66,174,342,206,132,137,206,325,115,187,195,51,263,21,317,137
0418	4,119,111,211,271,97,177,314,321,62,177,290,4,97,168,209,170,127,211,257,145,6,193,111,271,257,6,62,170,290,314,193,168,209,321,64,127,119,64,145
0419	327,10,136,237,221,189,276,226,234,99,136,202,130,287,74,287,237,335,189,276,3,159,75,159,130,88,99,226,156,234,3,156,74,10,327,88,202,335,221,75
0420	58,296,117,56,299,231,345,54,20,267,50,163,191,94,172,15,347,255,345,123,20,94,296,172,255,231,117,58,304,123,163,299,50,347,15,54,304,191,56,267
0421	344,122,31,302,352,197,243,149,109,225,47,185,352,129,128,186,310,30,109,280,225,129,280,329,47,128,31,186,122,302,30,310,131,329,197,185,131,243,344,149
0422	28,210,82,308,208,53,194,55,44,210,85,354,28,82,194,236,103,208,98,300,236,98,18,144,44,200,53,55,300,144,252,200,354,18,85,103,308,23,252,23
0423	340,105,248,270,284,261,346,248,346,157,270,116,330,48,79,258,96,258,351,312,261,201,323,350,201,157,105,198,350,340,48,198,330,312,284,96,323,351,79,116
0424	90,216,125,343,244,182,256,104,139,121,76,216,76,277,244,152,336,183,291,336,291,121,90,353,176,343,256,353,196,182,277,34,104,196,139,34,125,152,183,176
0425	294,238,269,332,71,223,126,272,59,273,239,12,106,223,106,77,294,238,164,355,269,9,71,143,232,273,272,227,232,59,77,9,332,164,355,239,143,126,227,12
0426	52,222,242,0,39,253,0,166,213,268,150,39,166,268,118,222,242,150,318,52,326,318,118,240,190,282,190,240,301,171,253,326,167,213,135,301,135,171,167,282
0427	78,91,264,295,153,262,142,230,316,349,68,89,142,262,264,68,316,17,320,17,2,349,295,73,212,73,29,16,89,153,230,91,188,16,29,212,188,2,320,78
0428	36,241,266,36,134,274,33,293,63,266,173,247,134,147,309,228,247,120,224,113,241,293,147,32,63,140,19,224,228,173,32,114,140,120,114,309,113,19,33,274
0429	311,49,179,215,275,245,298,315,46,215,26,339,246,339,251,133,180,162,108,275,311,220,315,72,298,133,180,49,220,246,72,67,108,162,251,179,26,67,46,245
0430	204,338,204,13,174,69,11,65,192,175,184,192,217,61,41,84,42,289,155,146,338,22,41,218,217,13,65,146,155,84,22,11,175,69,174,42,289,218,61,184
0501	35,207,158,45,169,187,45,319,81,100,27,341,207,21,341,187,21,70,83,81,115,151,35,337,110,286,25,70,151,169,286,100,337,115,319,158,27,110,25,83
0502	348,14,334,138,313,14,305,154,348,101,40,112,206,60,161,305,306,60,24,101,154,279,24,177,279,161,206,138,313,178,97,145,97,112,177,306,145,40,334,178
0503	127,160,203,87,165,287,170,165,342,278,38,325,3,189,181,325,203,189,237,170,38,156,99,43,99,159,3,156,87,37,278,181,37,342,43,237,287,159,127,160
0504	259,5,111,303,321,5,331,263,128,303,111,193,317,263,86,265,229,231,123,86,292,234,123,292,94,229,259,297,94,271,317,265,271,234,128,321,193,331,231,297
0505	197,195,226,307,132,250,327,102,10,194,74,102,137,267,276,132,51,74,327,276,347,296,307,257,304,214,257,214,137,304,197,51,347,10,296,267,250,195,226,194
0506	191,280,4,202,302,236,185,54,4,122,202,322,75,66,75,191,130,54,130,80,185,80,200,56,281,122,88,236,281,280,57,88,322,30,200,66,56,57,302,30
0507	116,92,199,85,199,354,48,255,53,248,324,124,205,85,205,354,116,98,211,53,98,48,285,310,260,248,255,254,324,124,92,23,260,23,310,211,136,285,136,254
0508	117,107,76,59,249,299,28,79,168,198,107,90,76,186,8,90,125,168,58,141,235,201,125,59,210,121,235,28,117,79,299,141,249,198,58,121,210,186,201,8
0509	82,351,353,50,219,353,232,328,332,282,50,328,95,71,144,282,15,196,290,345,12,82,351,144,126,291,344,290,332,196,71,291,232,15,95,126,345,219,344,12
0510	243,216,258,253,78,329,55,242,131,308,44,308,6,261,272,261,9,243,350,242,350,20,44,258,272,329,20,78,131,39,55,39,52,105,52,253,9,6,105,216
0511	227,172,0,239,32,183,62,240,223,17,333,183,142,2,301,32,142,17,230,172,227,240,239,336,230,323,301,336,333,352,314,270,352,270,2,0,62,314,223,323
0512	19,251,209,288,93,251,63,36,209,269,157,34,247,149,277,63,288,171,264,150,157,149,93,109,238,247,77,269,31,277,109,36,171,264,19,77,150,34,238,31
0513	330,343,300,298,343,29,26,129,26,326,67,104,213,298,213,120,228,164,180,256,326,295,164,180,300,120,140,228,129,104,49,140,29,330,346,49,295,346,256,67
0514	7,184,192,176,192,68,174,283,163,68,212,134,174,212,7,176,153,294,113,335,283,286,134,294,184,113,175,179,268,163,268,69,73,179,175,153,69,73,335,286
0515	143,252,338,35,133,246,100,252,207,309,221,35,151,221,246,318,100,133,143,61,45,338,208,11,1,119,207,106,1,318,45,315,309,61,151,119,208,315,106,11
0516	152,274,21,108,316,13,187,222,108,115,83,114,340,312,161,316,83,114,177,215,65,340,152,187,18,215,177,161,13,233,147,222,233,147,21,274,312,65,18,115
0517	64,224,204,203,204,64,145,41,178,305,16,178,81,97,110,305,339,41,203,155,170,146,165,339,155,225,91,81,165,170,225,146,224,16,145,334,97,91,110,334
0518	321,189,118,206,156,38,206,169,158,289,111,24,319,38,273,321,156,304,342,37,275,289,158,169,37,111,128,273,189,275,348,342,262,24,262,118,304,348,128,319
0519	317,188,132,263,22,123,331,43,317,188,138,190,307,22,307,132,27,331,148,27,46,167,292,112,94,263,112,190,46,94,123,297,278,148,138,278,167,297,43,292
0520	159,311,327,181,72,194,173,159,254,57,72,214,185,5,60,325,173,234,60,137,4,231,327,311,57,234,181,137,5,325,40,214,87,40,185,194,4,254,231,87
0521	8,122,101,218,85,281,160,127,8,66,116,198,313,127,122,160,101,154,33,248,85,66,313,241,154,271,281,271,136,303,257,116,198,248,241,257,303,33,218,136
0522	200,267,10,199,202,284,162,299,320,199,235,259,121,284,102,42,354,30,235,293,259,102,162,267,299,202,42,197,293,320,58,354,58,245,121,245,200,197,10,30
0523	166,287,265,196,84,71,92,51,337,324,232,219,196,56,287,229,219,229,99,23,56,280,99,51,324,84,182,166,80,265,71,182,103,80,92,280,103,337,232,23
0524	310,9,105,260,236,210,285,329,349,201,310,328,279,350,237,350,201,54,217,126,255,105,54,217,237,79,236,279,332,255,260,79,126,9,332,210,349,329,285,328
0525	322,290,6,125,124,290,2,76,20,322,2,55,20,125,76,172,250,270,6,48,142,168,347,253,82,355,183,250,48,168,124,270,253,142,82,347,355,172,183,55
0526	28,230,50,19,117,28,19,216,247,258,226,75,117,44,90,50,144,75,345,90,96,323,144,230,96,239,216,345,149,247,95,149,226,258,93,239,93,44,323,95
0527	301,186,69,39,29,288,261,205,180,330,264,29,195,261,109,69,301,171,302,272,341,186,272,195,288,341,306,25,264,205,244,180,244,306,302,39,171,25,109,330
0528	0,298,249,179,286,86,151,249,153,193,113,134,220,140,70,179,228,286,140,3,223,49,134,70,86,151,3,0,228,256,153,298,213,223,49,213,193,256,113,220
0529	143,238,333,336,143,333,221,68,353,88,294,282,52,135,277,15,107,77,294,152,353,52,296,34,282,67,88,277,221,34,152,336,135,107,77,238,68,67,296,15
0530	240,352,283,184,83,114,176,352,62,114,233,18,11,191,176,78,314,18,26,62,305,11,191,314,351,283,326,21,326,26,233,83,184,211,78,305,351,21,211,240
0531	316,100,346,224,133,266,89,98,242,7,268,192,338,145,104,89,7,61,63,346,145,63,61,268,100,47,309,224,316,17,133,242,309,98,338,17,192,104,47,266
0601	189,319,246,212,343,32,276,157,14,206,177,35,274,35,189,31,73,141,73,157,274,203,150,203,222,150,319,106,177,31,14,246,222,206,106,32,276,141,212,343
0602	315,155,315,289,12,204,208,262,263,209,291,178,225,289,111,161,262,204,291,227,163,263,115,178,12,148,208,225,97,163,147,161,209,147,111,97,115,155,227,148
0603	234,175,335,348,215,321,185,327,138,275,169,181,252,348,5,8,167,112,164,5,252,169,164,215,8,40,174,327,185,181,175,112,138,40,234,335,321,275,167,174
0604	190,65,257,158,87,127,278,271,65,271,295,127,160,108,313,188,313,311,108,243,188,311,295,146,243,197,190,170,257,146,160,87,297,170,165,197,297,278,165,158
0605	64,45,293,159,318,199,137,27,194,199,45,58,64,293,27,194,317,198,235,10,317,235,267,30,10,137,58,267,304,325,72,245,72,30,198,304,325,245,159,318
0606	128,56,280,85,303,156,334,196,265,241,229,85,102,94,340,354,132,354,231,196,207,41,207,334,265,94,128,280,41,340,56,102,231,36,241,229,303,156,132,36
0607	219,259,331,236,320,80,248,130,248,324,219,331,201,71,214,200,279,38,46,129,214,329,38,339,37,71,320,80,339,129,46,329,259,236,324,37,200,201,130,279
0608	328,91,168,310,284,292,168,273,60,269,217,328,337,60,154,54,285,292,285,131,287,284,59,287,273,136,310,217,337,122,59,118,54,269,122,136,154,118,91,131
0609	51,96,139,183,19,16,92,19,187,74,16,44,50,117,74,187,96,350,183,322,230,139,92,350,33,51,332,50,48,33,230,117,48,43,173,322,332,43,173,44
0610	255,180,345,95,79,286,300,323,312,79,69,323,281,49,121,239,286,103,255,171,312,182,247,116,103,180,69,121,281,239,182,345,22,49,171,300,22,116,95,247
0611	228,355,101,24,143,223,308,220,228,53,101,6,355,306,110,308,113,6,205,24,28,1,76,143,258,28,53,149,253,258,220,253,1,113,149,110,306,205,223,76
0612	21,244,195,302,216,119,344,153,336,344,140,244,341,221,21,4,307,301,4,349,120,302,66,68,307,68,120,336,140,119,218,66,301,216,221,218,341,153,349,195
0613	277,78,238,346,144,240,352,70,233,347,3,237,240,176,78,176,11,347,202,238,249,352,11,233,82,126,237,3,82,260,144,70,256,126,249,346,277,202,260,256
0614	351,342,134,298,242,298,203,309,351,34,353,342,264,166,272,333,83,333,203,134,264,254,142,166,142,254,93,84,57,34,84,309,57,242,83,353,0,93,272,0
0615	25,52,133,123,296,211,177,213,133,107,222,172,55,17,283,52,226,89,226,283,55,177,296,25,23,213,123,107,266,282,222,162,172,23,17,89,282,266,211,162
0616	315,164,67,2,178,114,29,63,251,151,163,178,338,9,63,114,204,184,29,204,185,192,338,141,192,67,141,2,81,163,164,9,135,184,151,315,251,185,135,81
0617	104,12,161,316,186,227,290,227,335,35,97,174,115,138,115,206,289,138,208,13,206,326,97,35,161,13,289,104,215,326,174,290,112,12,316,335,208,112,215,186
0618	7,276,106,47,90,209,224,294,209,270,294,167,8,31,145,98,167,212,147,90,65,343,314,270,106,343,165,276,147,65,212,47,7,314,165,224,31,98,145,8
0619	10,105,288,275,109,293,32,73,105,86,299,265,262,191,268,32,73,191,86,198,10,159,198,293,275,18,170,268,288,265,246,299,18,45,159,109,246,45,170,262
0620	77,14,61,102,148,14,330,94,152,156,225,30,72,193,241,305,193,330,278,127,152,102,257,58,61,257,148,155,72,156,30,94,278,77,58,155,225,305,127,241
0621	327,88,287,137,146,317,261,318,340,130,340,91,80,231,234,331,146,111,287,231,91,295,219,88,327,295,210,197,318,234,80,137,197,331,111,130,219,261,317,210
0622	348,334,243,108,243,85,118,122,339,321,150,42,291,139,150,196,322,334,319,196,139,279,321,118,339,291,348,263,85,122,322,181,319,279,42,108,54,181,263,54
0623	199,259,175,187,179,48,274,131,274,350,5,99,354,171,157,132,303,157,232,5,44,168,187,354,48,44,232,132,131,350,313,303,199,313,171,259,99,175,179,168
0624	36,121,154,121,36,190,328,33,300,38,51,214,190,252,255,79,311,51,103,92,297,252,173,38,255,143,328,214,103,39,311,154,143,297,39,173,33,92,79,300
0625	200,188,281,307,312,75,19,286,189,19,59,280,24,188,24,1,337,307,75,200,76,280,59,189,37,286,250,43,258,207,258,337,281,207,312,250,1,43,76,37
0626	128,87,124,302,253,136,235,153,87,136,117,273,269,129,253,153,205,125,183,128,96,269,218,345,205,273,308,125,124,194,345,183,218,308,117,302,194,96,129,235
0627	95,28,57,347,349,3,69,237,158,298,169,28,180,237,95,57,49,347,158,66,285,267,349,267,216,320,3,180,298,69,182,126,66,285,169,320,126,49,216,182
0628	113,233,203,34,16,233,34,301,217,113,304,60,304,254,71,309,260,244,254,230,100,93,142,16,301,284,217,230,309,60,203,71,93,260,100,239,284,239,142,244
0629	292,46,134,110,178,64,249,201,222,333,46,222,172,266,272,178,55,242,351,144,249,20,292,333,177,266,172,272,55,64,177,242,201,50,351,134,144,20,110,50
0630	245,315,151,341,135,306,342,315,342,162,202,344,151,195,25,162,192,63,140,306,23,202,245,22,192,135,195,23,344,325,81,325,81,56,63,140,22,341,25,56
0701	29,74,185,174,326,165,228,9,206,161,310,355,133,310,17,174,165,326,123,316,221,206,68,97,74,27,123,221,355,17,161,29,185,9,68,228,316,97,133,27
0702	2,270,288,2,323,186,31,299,67,119,21,353,268,119,323,227,299,31,166,204,12,283,215,12,227,353,346,186,338,215,288,338,283,268,270,166,346,204,67,21
0703	236,198,18,112,13,224,18,229,224,6,343,229,191,84,343,149,6,149,248,265,198,73,247,112,264,15,191,84,73,106,238,236,15,106,238,264,265,248,247,13
0704	212,332,335,52,159,335,159,4,226,223,141,226,0,314,11,219,10,78,88,10,324,246,88,314,141,223,160,212,332,78,0,246,11,176,52,176,219,4,160,324
0705	80,251,77,80,209,146,196,340,147,318,327,278,251,331,138,340,291,196,30,213,317,291,138,209,317,65,331,91,293,30,327,213,146,293,65,91,278,147,318,77
0706	339,156,14,197,152,170,330,319,152,197,181,231,181,14,271,155,225,85,329,271,35,322,156,210,35,32,231,319,225,85,32,329,330,94,210,155,322,170,94,339
0707	70,334,279,120,296,8,276,120,70,150,26,54,61,8,334,313,132,72,130,139,72,279,26,107,232,54,232,296,150,130,139,61,276,116,313,102,107,132,102,116
0708	289,193,90,208,38,5,350,321,98,143,98,184,208,295,115,321,5,297,143,305,300,188,289,300,38,115,111,297,295,184,305,188,111,311,92,193,311,92,90,350
0709	108,252,286,79,294,153,262,241,167,290,241,45,287,62,286,252,79,287,19,290,164,328,187,328,53,263,187,294,164,45,137,62,137,108,167,153,263,19,262,53
0710	250,129,234,105,337,58,105,348,214,205,354,214,131,51,148,348,103,259,103,51,148,58,114,48,122,157,354,48,122,114,337,131,157,129,205,234,282,259,250,282
0711	163,277,194,320,179,163,194,113,1,7,277,179,99,308,211,113,199,154,82,349,145,180,349,44,308,82,33,180,1,44,154,99,145,33,211,320,7,89,199,89
0712	96,261,207,220,117,36,118,275,118,217,244,158,93,36,126,41,253,261,244,200,207,255,169,255,121,200,41,59,96,169,253,275,59,126,117,121,93,220,158,217
0713	242,81,258,273,134,171,144,66,302,201,266,75,242,47,100,233,216,201,273,100,75,171,168,144,266,216,47,142,258,302,142,81,134,233,239,127,239,66,127,168
0714	281,39,245,60,71,177,235,274,345,43,235,272,325,249,177,218,189,325,257,240,60,189,301,274,245,347,43,272,192,39,240,345,347,301,192,218,281,71,249,257
0715	9,46,190,185,267,123,109,140,178,42,351,95,323,190,351,165,306,165,306,202,25,323,202,267,185,336,140,109,336,285,69,9,69,25,123,178,42,95,285,46
0716	74,133,260,254,101,15,101,64,151,182,124,312,55,312,186,55,128,346,16,254,15,64,27,203,151,16,12,203,182,133,206,128,74,260,206,12,186,124,27,346
0717	248,13,341,110,355,106,229,106,161,22,172,104,161,136,67,136,17,67,172,22,268,13,307,224,355,268,326,224,173,17,341,86,229,307,110,86,104,173,326,248
0718	256,149,353,174,176,174,176,352,135,149,353,87,31,227,31,228,68,24,23,87,204,195,68,228,195,316,309,24,310,204,213,256,309,316,23,352,227,213,310,135
0719	52,198,246,231,210,219,6,223,231,246,291,84,11,52,146,84,269,6,270,210,304,293,146,291,191,198,11,162,293,219,50,304,175,223,50,270,162,269,191,175
0720	150,32,314,327,32,77,34,20,238,338,34,331,20,150,284,37,303,338,65,284,327,181,230,37,65,329,77,147,56,209,230,329,56,147,314,331,209,238,181,303
0721	97,237,243,141,292,225,212,278,225,333,212,138,333,156,166,243,8,222,78,132,138,156,166,237,8,280,334,78,132,334,278,340,222,139,141,280,139,340,292,97
0722	271,297,111,28,153,111,236,29,116,188,317,300,350,98,247,29,2,76,94,271,54,236,94,98,188,76,54,317,116,265,300,322,350,265,28,153,247,297,2,322
0723	92,324,112,70,143,339,226,164,226,92,289,252,49,70,164,10,85,184,215,324,289,160,88,290,339,112,215,102,295,49,85,88,102,143,10,295,184,160,290,252
0724	208,35,119,129,208,83,157,35,45,48,264,99,262,264,114,51,296,129,83,45,26,263,262,205,311,183,99,26,296,51,119,114,183,205,263,305,311,157,305,48
0725	234,344,255,117,349,21,241,286,167,163,241,53,61,53,313,234,38,167,137,61,105,163,283,145,255,105,21,145,41,283,117,313,286,82,137,41,344,38,82,349
0726	287,5,96,4,299,154,287,73,89,115,58,194,80,320,91,40,244,89,96,169,73,244,299,91,80,58,155,40,169,155,194,4,200,320,115,154,142,200,142,5
0727	108,337,294,19,90,79,72,193,276,125,19,275,233,261,251,321,103,294,118,72,193,179,90,214,257,275,103,233,321,214,108,179,125,337,257,251,276,79,261,118
0728	308,134,152,71,221,253,245,197,335,245,197,121,71,159,158,134,335,185,75,39,159,273,158,216,18,207,62,253,207,62,273,216,221,121,152,75,308,39,18,185
0729	33,168,95,60,211,127,318,323,187,325,306,60,211,123,25,218,124,345,218,282,187,345,282,25,95,323,196,351,196,33,325,124,351,306,298,127,318,168,123,298
0730	189,36,81,259,189,332,354,272,277,170,202,59,354,101,202,171,178,140,101,272,332,9,277,36,113,27,151,140,151,113,9,27,170,59,120,171,81,259,178,120
0731	312,15,192,235,66,239,130,67,23,15,341,66,248,42,173,23,229,57,42,242,57,172,248,190,206,341,130,172,239,229,206,235,190,192,312,30,242,67,173,30
0801	0,122,182,199,31,186,148,267,199,86,336,217,122,165,186,352,310,309,274,267,355,279,131,86,352,148,165,31,274,310,217,131,347,336,309,355,279,182,0,347
0802	227,326,180,146,104,327,135,210,219,55,177,24,109,24,22,219,268,232,293,254,135,268,110,227,198,146,104,180,254,210,22,109,55,198,327,293,326,232,177,110
0803	329,50,84,281,329,316,303,126,316,50,246,74,238,32,191,84,191,162,331,303,147,175,220,281,74,128,220,230,147,126,175,238,128,246,32,301,162,331,301,230
0804	1,342,65,14,314,11,78,288,224,292,150,338,93,222,302,133,11,87,93,224,338,78,314,302,133,292,87,132,1,150,256,14,256,56,342,132,56,222,65,288
0805	153,107,317,260,231,176,228,76,228,153,322,156,77,6,260,6,330,291,285,69,76,176,252,77,271,231,223,69,297,330,156,285,297,223,271,317,322,291,107,252
0806	119,88,139,98,64,98,64,350,63,2,334,139,119,143,68,157,138,68,350,174,250,262,85,13,166,157,85,143,88,334,28,138,166,174,250,13,28,262,63,2
0807	295,307,311,34,54,43,307,247,149,70,51,247,54,284,149,265,284,34,47,226,51,296,226,280,43,10,70,100,10,183,265,295,296,47,280,100,225,183,311,225
0808	348,111,7,37,97,348,344,289,201,3,129,313,116,340,343,97,3,340,236,20,111,328,313,37,289,343,208,346,116,346,20,328,129,163,236,7,208,344,163,201
0809	136,46,249,305,264,283,184,249,205,108,94,258,243,215,35,195,278,324,46,324,108,184,136,263,283,195,305,115,35,94,278,40,215,115,258,264,263,243,205,40
0810	286,29,125,26,290,92,26,320,209,299,61,276,92,125,188,320,96,29,58,233,61,276,117,12,155,233,209,5,155,96,5,255,117,12,299,58,290,286,188,255
0811	273,300,49,52,154,194,90,17,106,319,216,306,159,21,89,244,49,273,306,114,319,52,114,17,167,4,90,269,216,167,194,159,244,89,269,4,154,21,106,300
0812	349,16,237,337,141,213,197,16,318,321,48,169,318,113,127,179,161,308,113,127,161,337,204,354,237,349,197,321,213,354,245,169,48,245,204,212,141,179,212,308
0813	203,36,266,36,298,9,325,8,151,118,218,8,168,41,9,202,168,152,218,152,202,234,80,298,200,82,266,214,80,82,41,325,234,214,200,151,103,203,118,103
0814	310,57,196,332,242,310,73,207,23,172,81,345,181,253,57,253,181,275,196,72,207,345,23,332,193,81,42,242,145,72,178,172,259,275,145,42,259,73,193,178
0815	95,287,341,59,164,18,137,287,137,352,199,190,293,199,59,186,71,190,71,186,124,333,352,99,95,18,239,293,124,274,99,333,130,272,164,239,272,130,341,274
0816	180,279,251,158,279,27,248,254,235,248,251,267,38,267,53,185,38,79,75,235,53,158,254,229,146,227,146,75,33,229,323,189,79,227,189,33,180,27,185,323
0817	144,232,109,326,44,109,353,326,171,45,304,315,44,232,132,221,132,217,220,268,105,171,347,304,294,221,220,105,301,191,144,353,315,301,347,268,191,294,217,45
0818	177,78,142,104,147,312,25,74,238,336,147,142,257,198,131,160,22,292,11,177,198,312,104,160,78,14,336,93,131,11,74,257,86,14,238,22,93,25,86,292
0819	135,56,173,60,173,342,270,128,76,223,31,64,342,31,270,64,65,260,219,317,187,76,128,256,223,65,135,187,219,327,60,15,327,256,55,56,317,55,260,15
0820	112,302,62,134,1,271,309,162,126,0,355,271,6,148,170,50,288,302,50,0,28,350,288,1,162,148,28,6,350,309,331,69,134,62,126,355,170,112,69,331
0821	241,250,68,84,83,228,10,2,339,226,150,291,330,265,228,34,68,83,166,265,166,334,314,339,334,291,282,226,316,330,314,10,250,84,34,282,316,241,2,150
0822	343,153,85,262,116,102,289,85,88,98,119,91,231,206,98,284,133,206,88,119,20,133,100,231,284,116,43,122,100,153,20,311,343,311,122,289,91,262,102,43
0823	108,163,30,24,184,40,329,184,278,108,156,24,174,230,156,54,344,120,278,297,344,261,30,299,182,163,46,54,174,297,182,246,329,120,246,261,46,40,299,230
0824	115,94,236,107,94,123,111,149,157,276,335,111,12,13,244,335,209,263,155,12,155,157,101,209,175,348,263,348,244,149,211,107,101,123,115,13,211,276,236,175
0825	87,192,300,179,192,139,324,90,243,92,179,138,300,328,139,237,216,117,92,328,61,63,3,283,324,117,90,240,283,243,237,3,138,61,216,240,63,252,87,252
0826	222,167,255,114,204,255,280,204,281,129,66,222,218,296,114,295,129,281,37,215,89,194,245,296,77,303,215,245,346,89,218,66,280,346,167,295,77,194,303,37
0827	286,19,319,67,318,17,349,127,325,26,67,96,70,183,48,161,29,319,161,41,17,39,48,19,127,41,26,39,325,29,106,80,70,318,286,80,96,349,183,106
0828	172,47,23,234,351,73,212,73,305,172,351,42,97,4,203,207,249,234,214,145,82,42,212,203,140,97,4,305,121,21,214,47,121,145,249,23,207,21,82,140
0829	308,313,306,118,225,193,266,16,193,196,272,16,188,57,259,188,72,272,338,224,308,75,225,259,159,307,338,159,247,118,57,306,247,75,196,313,307,224,266,72
0830	217,71,341,279,264,217,195,190,99,254,273,137,71,168,103,99,168,269,154,103,279,274,354,341,269,354,210,197,293,273,254,210,195,137,293,197,154,190,264,274
0831	337,220,95,177,74,239,235,109,304,275,337,58,136,36,200,220,81,113,36,58,294,177,38,304,95,321,200,18,136,239,109,321,113,18,294,235,275,81,38,74
0901	147,201,208,45,332,169,242,315,53,11,147,53,11,189,22,323,322,201,253,287,158,310,242,310,189,208,253,352,315,158,105,45,323,322,169,352,287,332,105,22
0902	290,327,221,205,160,165,27,78,213,44,205,248,32,176,125,238,327,165,125,342,221,59,347,176,213,32,342,347,160,285,76,290,59,44,78,248,285,76,238,27
0903	31,141,309,173,110,148,104,314,191,56,178,49,198,141,317,258,69,104,198,143,128,317,31,191,309,49,56,69,258,173,110,148,178,314,143,131,142,131,128,142
0904	132,35,8,271,206,171,270,132,1,8,14,10,229,55,233,229,86,257,271,270,336,10,55,14,162,336,86,35,312,134,312,233,135,1,135,171,162,134,257,206
0905	265,33,85,79,187,228,251,83,9,334,277,334,288,291,186,83,79,116,43,262,85,43,297,291,9,297,228,277,284,187,284,251,116,33,262,124,288,124,186,265
0906	333,174,353,301,130,353,126,333,226,100,289,6,301,289,163,350,311,278,316,84,6,84,298,163,108,199,28,130,126,298,199,174,350,28,108,311,100,316,226,278
0907	185,246,101,231,355,236,246,320,185,223,236,52,50,231,355,256,320,241,149,241,13,223,50,256,101,227,166,112,335,54,166,227,335,54,98,112,13,52,98,149
0908	184,146,250,91,260,263,91,20,232,157,182,250,20,211,94,282,326,344,245,282,245,157,260,263,146,150,94,150,344,184,211,61,329,51,326,232,329,51,61,182
0909	156,295,230,46,155,324,87,7,48,218,15,3,7,153,139,117,295,139,230,324,153,155,117,66,122,180,3,339,122,87,2,15,2,180,156,66,218,48,46,339
0910	179,183,280,267,39,219,244,349,179,280,219,181,183,300,349,152,346,93,152,340,267,93,12,292,161,119,5,161,244,5,164,12,300,181,119,346,164,39,340,292
0911	348,25,207,268,172,97,276,286,338,286,302,192,42,351,97,348,42,207,302,144,73,214,203,144,114,276,192,106,114,25,106,214,338,203,351,268,296,73,296,172
0912	328,303,99,77,261,299,99,0,261,64,140,82,40,249,306,283,60,23,140,30,40,299,283,154,159,60,328,30,306,159,82,57,64,77,249,0,57,303,154,23
0913	195,255,313,138,17,88,193,210,145,194,26,38,41,38,26,195,68,88,325,194,138,210,145,313,41,127,168,255,68,63,168,127,75,325,167,193,167,63,17,75
0914	70,330,337,331,102,275,197,331,34,275,72,65,197,259,305,136,204,34,92,72,224,259,109,337,70,304,109,204,252,305,102,136,65,224,92,330,304,121,252,121
0915	235,123,90,235,248,269,123,272,133,269,341,272,11,45,352,345,347,342,248,133,176,216,347,345,11,216,19,188,45,341,95,24,95,352,19,176,188,90,342,24
0916	308,118,80,290,89,27,80,240,49,115,105,321,105,220,200,308,16,213,322,213,319,321,62,118,200,16,62,242,89,220,170,240,319,242,170,322,115,27,290,49
0917	175,1,247,221,129,1,104,293,307,103,221,125,158,32,175,32,307,247,67,279,58,158,78,314,202,293,142,201,67,129,104,201,314,78,279,142,58,202,125,103
0918	212,315,217,254,18,147,332,225,162,332,18,225,217,271,343,229,198,178,22,178,162,254,209,343,215,229,209,212,198,147,315,271,318,215,206,120,206,120,22,318
0919	237,36,196,171,137,312,226,196,177,237,43,113,141,76,171,273,151,36,151,107,113,14,312,226,76,137,107,265,69,273,262,69,262,141,265,43,14,190,177,190
0920	311,126,31,264,336,320,310,31,311,33,320,55,274,79,126,253,310,100,291,264,243,29,274,189,55,33,291,253,243,4,336,160,29,79,189,100,301,160,4,301
0921	13,186,238,166,143,246,132,285,186,239,13,101,96,227,238,270,335,297,10,173,289,96,166,101,143,37,239,250,37,10,246,335,270,285,227,173,297,132,250,289
0922	130,111,50,131,165,295,316,47,6,231,354,148,50,232,211,174,228,71,146,131,231,350,295,354,232,74,165,111,350,47,148,6,130,146,228,74,316,174,71,211
0923	260,149,81,327,191,91,278,326,91,294,153,230,191,199,294,48,326,87,327,230,139,153,223,245,260,223,152,86,182,152,139,245,149,87,199,48,278,182,86,81
0924	234,300,46,263,300,112,333,8,317,54,317,282,110,112,46,3,110,333,263,3,54,267,169,214,169,53,83,66,282,66,53,214,83,8,244,134,267,244,134,234
0925	15,192,116,258,56,114,292,192,159,218,9,286,56,284,207,114,329,351,159,288,258,292,9,222,288,35,286,208,329,266,15,266,284,116,222,208,351,218,207,35
0926	156,0,324,249,280,353,185,68,0,324,355,52,42,256,156,280,256,30,68,28,296,277,52,355,353,249,25,281,30,106,42,28,25,281,296,309,106,309,185,277
0927	161,184,157,145,85,210,99,63,194,51,57,98,145,57,210,99,340,194,161,157,257,340,98,128,168,236,26,34,257,303,63,34,303,236,85,184,51,128,26,168
0928	179,304,330,77,330,117,219,183,187,233,150,61,283,138,183,283,349,187,20,117,77,304,346,150,306,124,155,179,61,233,349,65,346,219,124,20,306,138,155,65
0929	216,334,235,84,193,136,328,17,90,23,45,90,276,23,235,305,84,44,341,45,94,109,305,255,341,44,216,94,193,136,19,109,334,17,328,64,276,64,255,19
0930	115,308,49,308,133,352,252,220,299,252,339,82,167,82,102,352,313,115,70,140,92,39,269,102,70,133,299,39,167,24,38,24,38,220,49,269,339,92,313,140
1001	72,2,279,95,78,180,204,163,1,108,322,125,195,337,279,125,95,195,213,322,251,2,337,204,80,251,158,80,203,1,213,58,163,78,72,108,203,158,58,180
1002	18,105,12,154,129,325,60,135,331,135,147,331,338,32,59,338,314,36,188,201,104,147,201,27,314,60,154,104,178,59,178,27,129,188,18,105,325,36,32,12
1003	275,127,342,41,122,248,93,259,319,302,107,14,89,196,342,107,93,247,224,122,275,224,89,119,73,268,248,196,119,73,319,127,16,41,14,247,268,259,302,16
1004	262,69,253,69,11,113,253,170,11,4,189,301,170,189,177,215,301,198,307,241,177,67,164,241,272,197,113,55,67,55,202,215,272,4,198,262,164,197,307,202
1005	171,7,131,221,7,344,336,315,126,287,141,103,141,246,96,345,347,287,171,131,96,270,246,315,347,126,103,270,344,336,175,212,285,212,5,175,345,221,5,285
1006	37,240,211,242,176,29,343,47,273,211,230,74,242,229,343,354,240,47,354,120,230,238,6,120,29,238,71,37,148,226,176,6,229,243,148,273,243,71,226,74
1007	237,174,254,297,88,237,228,88,264,43,332,250,295,332,265,209,174,43,228,100,254,199,225,326,97,264,295,100,265,21,97,199,21,297,50,209,326,225,250,50
1008	267,205,320,282,160,282,165,66,123,267,153,110,318,166,205,123,153,278,169,139,110,234,162,160,151,318,146,278,151,206,320,234,139,169,165,162,166,66,206,146
1009	31,327,244,152,33,152,312,291,232,101,54,312,112,114,10,87,31,101,239,114,289,327,239,112,33,292,10,54,291,87,244,289,91,130,292,217,130,91,217,232
1010	13,62,323,309,263,62,263,353,256,310,26,310,35,22,83,223,274,258,231,56,192,258,274,35,309,13,149,192,83,227,26,256,22,231,149,227,56,323,223,353
1011	348,191,34,40,191,76,99,233,137,348,245,68,40,186,321,184,76,144,245,9,68,144,9,207,233,63,184,145,3,137,34,145,207,99,182,186,321,3,182,63
1012	284,57,134,280,185,45,20,284,349,346,333,298,349,255,45,79,280,79,303,161,132,303,0,161,134,333,294,20,346,111,0,298,294,185,328,57,328,132,255,111
1013	216,290,179,181,208,181,281,98,193,222,168,17,61,218,17,156,290,283,168,156,193,98,283,28,208,249,61,311,218,249,311,219,200,179,219,200,216,281,222,28
1014	65,313,210,42,313,213,75,38,24,19,95,75,257,19,8,95,180,8,70,81,42,48,142,39,355,81,24,48,39,124,142,124,257,213,70,210,180,355,65,38
1015	117,49,260,314,140,235,317,339,58,106,157,52,178,115,118,140,125,317,72,138,49,260,58,314,341,235,115,118,157,106,138,125,64,339,72,64,52,178,341,117
1016	23,331,90,201,80,82,129,90,329,23,108,18,129,350,51,340,338,331,279,167,80,308,304,163,82,163,338,322,279,51,322,308,201,108,18,340,167,304,350,329
1017	77,128,107,220,158,170,84,73,277,15,319,105,316,277,220,335,170,77,335,214,127,194,158,15,128,32,109,84,214,127,194,319,73,316,109,187,105,107,187,32
1018	11,325,351,27,41,189,276,4,196,253,104,55,177,300,177,41,104,253,203,351,55,241,189,4,11,86,325,246,147,276,246,241,300,147,203,86,27,336,196,336
1019	113,215,159,14,143,133,236,302,215,171,259,287,150,60,150,59,286,143,171,102,46,59,46,102,259,14,286,53,133,44,287,44,113,60,251,236,302,251,159,53
1020	345,224,183,71,176,224,30,37,176,25,301,345,271,204,71,94,2,230,30,204,211,94,25,173,271,266,173,211,266,262,183,197,230,197,301,347,37,2,347,262
1021	324,175,92,299,243,305,88,295,148,240,120,67,250,229,212,92,305,120,250,74,243,240,299,122,50,148,324,212,50,334,295,88,126,74,229,175,67,126,334,122
1022	343,354,169,103,1,330,169,205,7,268,100,119,43,21,141,343,110,151,100,226,131,110,119,254,151,21,265,330,43,103,226,254,141,205,7,354,131,265,268,1
1023	114,190,288,87,114,239,174,263,217,89,155,174,154,217,293,269,307,292,238,112,89,16,288,16,152,238,152,293,155,112,239,190,292,270,154,270,269,87,263,307
1024	326,199,297,352,153,247,326,139,248,66,146,221,96,352,96,247,121,273,297,291,221,273,153,165,199,91,244,66,165,12,91,99,121,244,146,139,291,248,99,12
1025	33,242,182,323,116,320,191,310,309,255,40,206,264,323,320,34,242,309,123,232,47,255,160,234,192,234,264,47,191,192,206,232,40,182,160,310,33,116,34,123
1026	312,348,315,79,272,207,68,333,233,132,275,222,284,13,83,272,312,233,294,132,222,267,348,29,57,83,68,29,333,79,13,69,57,315,69,267,275,207,284,294
1027	149,35,195,290,318,195,98,54,202,227,54,281,332,135,249,85,219,225,219,35,186,188,227,225,61,188,61,186,290,245,202,318,135,332,245,149,98,85,249,281
1028	3,36,81,22,81,198,168,313,200,45,136,218,257,181,346,258,115,36,198,346,72,115,136,22,3,137,168,218,353,137,181,313,257,62,72,200,353,258,45,62
1029	167,355,140,142,48,193,145,328,64,274,64,296,140,235,142,298,125,49,138,296,145,48,28,328,311,321,228,193,311,274,167,49,138,355,298,321,28,125,228,235
1030	261,314,23,185,213,134,161,78,58,97,261,213,285,314,156,42,134,8,24,331,78,156,185,331,8,285,58,6,42,23,97,342,163,231,342,6,24,161,163,231
1031	55,179,306,20,55,282,80,306,107,316,179,130,316,194,20,75,282,166,26,166,75,329,26,117,107,70,208,105,130,105,101,178,80,178,70,117,329,208,101,194
1101	60,216,339,180,38,11,180,10,260,177,95,86,341,86,223,10,223,335,147,9,317,260,38,129,9,11,317,335,177,129,95,60,104,147,341,339,56,216,56,104
1102	44,319,124,209,187,158,187,157,215,157,31,277,304,52,93,52,241,319,44,340,302,304,271,302,158,340,171,271,277,215,246,31,209,93,124,241,118,171,246,118
1103	338,289,322,299,197,128,276,322,251,17,73,164,162,164,299,259,73,170,77,17,278,172,189,77,251,27,189,278,259,276,289,128,338,102,197,170,172,102,162,27
1104	325,324,41,210,196,300,280,212,90,111,113,4,113,325,229,266,109,183,71,4,324,345,212,224,229,266,280,300,39,183,210,111,196,224,345,39,41,109,71,90
1105	347,150,127,100,103,237,354,347,131,84,151,205,151,65,295,84,148,330,354,262,131,336,330,262,65,126,205,203,126,203,150,127,100,237,103,286,336,286,295,148
1106	248,287,291,287,18,87,2,327,288,204,248,18,230,155,350,87,308,15,133,308,155,199,252,327,15,204,291,5,120,184,288,252,120,133,350,184,199,2,230,5
1107	165,250,46,240,30,110,305,12,269,160,344,211,244,220,160,253,37,220,12,30,250,253,139,46,51,14,269,110,240,211,344,91,14,165,91,305,244,139,37,51
1108	293,169,201,279,50,293,236,143,294,351,74,320,238,283,112,242,50,43,201,74,238,43,294,53,283,169,173,7,153,279,242,351,153,320,7,53,143,112,236,173
1109	275,83,264,191,1,254,247,265,255,254,221,16,245,265,309,272,83,221,152,323,234,284,275,309,264,29,16,234,284,245,1,272,152,323,116,247,29,191,116,255
1110	159,307,318,19,106,188,190,337,79,195,318,232,337,332,307,92,332,123,273,310,188,263,106,123,19,92,273,79,348,67,263,67,159,232,310,176,195,348,176,190
1111	35,346,61,136,45,68,136,34,326,290,115,68,222,72,47,132,108,274,25,3,115,353,334,47,353,290,3,34,45,25,222,326,274,35,61,346,334,72,108,132
1112	343,355,63,355,66,174,125,146,122,225,138,225,119,125,121,88,174,22,343,88,22,214,119,200,63,214,40,142,137,138,40,121,142,137,146,200,89,122,89,66
1113	81,315,227,198,256,28,256,23,198,99,149,261,226,149,228,23,315,99,185,81,192,268,28,226,76,182,192,292,227,59,298,182,298,185,76,59,268,292,261,228
1114	80,303,105,141,249,331,257,56,80,107,33,36,270,239,303,154,333,85,33,114,156,105,282,154,239,107,56,282,257,156,313,36,313,85,114,141,331,270,249,333
1115	178,69,32,314,311,321,38,329,135,311,10,101,316,6,178,95,233,335,95,78,306,335,316,329,216,321,38,101,306,6,246,32,135,233,69,314,246,10,78,216
1116	140,118,167,48,163,118,235,130,168,302,186,31,235,0,340,241,140,163,167,186,218,241,54,277,218,31,168,20,302,340,267,20,267,0,48,130,277,260,54,260
1117	134,209,158,75,17,189,193,49,304,17,223,73,258,13,145,161,49,209,183,75,145,193,73,278,297,161,304,189,134,223,158,258,64,278,297,183,319,13,64,319
1118	208,202,41,60,251,52,276,181,57,251,276,94,109,170,164,57,109,271,336,300,9,94,9,170,338,229,52,164,208,202,289,271,60,338,336,229,181,41,300,289
1119	248,224,111,24,325,86,11,82,24,129,325,349,171,86,62,129,8,349,295,266,127,266,177,212,224,295,296,11,341,177,212,127,341,82,248,8,171,62,296,111
1120	194,131,215,213,104,77,281,197,5,184,299,215,250,131,317,70,77,317,90,250,342,324,4,194,281,162,184,197,70,162,90,324,213,104,204,5,4,204,342,299
1121	237,144,155,211,42,93,37,155,153,262,110,262,37,287,93,220,97,199,166,220,144,153,196,97,237,100,42,100,124,196,124,87,110,211,187,199,187,166,87,287
1122	102,39,12,322,247,51,71,128,84,58,207,293,12,294,58,117,96,117,96,26,244,39,51,84,305,201,294,247,207,128,71,244,18,201,26,102,322,18,293,305
1123	112,98,152,74,345,347,328,169,74,328,265,301,152,347,50,203,265,195,206,98,169,2,203,50,345,172,112,195,252,55,175,179,206,2,252,175,55,179,172,301
1124	210,283,232,323,106,259,150,272,113,330,273,210,273,330,348,272,106,286,259,176,286,348,320,323,120,337,279,254,283,120,232,320,160,279,176,150,160,337,254,113
1125	284,61,312,83,137,285,137,67,53,188,157,148,43,157,67,53,346,47,238,219,43,219,285,284,312,139,346,27,354,27,139,83,354,148,1,61,1,188,238,47
1126	133,99,308,275,21,240,99,318,146,236,132,34,133,240,318,119,132,146,275,138,66,119,138,147,34,308,22,116,22,200,344,200,344,236,66,116,280,147,280,21
1127	68,180,214,182,122,234,65,333,115,352,68,174,334,333,353,14,234,136,180,46,182,115,261,292,46,292,334,174,353,231,14,352,122,343,214,136,65,231,261,343
1128	103,249,307,225,10,85,249,192,225,81,264,59,10,313,192,23,264,85,59,126,332,81,307,221,350,243,103,88,191,221,313,350,88,243,29,191,332,126,23,29
1129	91,20,32,36,63,33,316,216,95,216,15,95,69,20,36,321,316,15,38,63,253,355,30,33,79,321,35,105,91,38,32,79,35,40,69,355,253,40,30,105
1130	135,327,114,135,168,256,242,151,260,151,230,16,260,327,80,44,141,173,314,7,183,165,80,230,183,228,114,314,141,7,246,44,165,246,242,173,228,16,168,256
1201	239,315,76,270,245,270,76,72,130,326,190,263,315,217,149,335,267,92,159,161,130,64,92,64,159,149,263,245,161,267,121,190,217,154,121,239,326,154,335,72
1202	310,31,310,274,291,25,277,291,109,329,9,274,75,186,302,60,186,52,208,302,268,311,19,109,277,9,268,25,311,75,48,3,329,31,208,3,52,60,19,48
1203	11,269,271,193,269,127,336,164,193,17,271,163,282,281,17,205,54,163,241,8,299,8,127,181,86,336,340,164,185,11,340,181,205,86,281,282,185,54,241,299
1204	108,289,97,108,5,57,248,255,226,222,145,178,145,250,351,342,131,351,24,143,131,222,134,24,4,5,143,248,250,134,107,178,226,255,289,4,342,107,97,57
1205	70,233,123,110,93,123,262,349,212,39,304,198,129,39,304,309,287,258,129,262,309,93,82,258,198,70,276,298,349,110,100,213,298,213,233,276,287,82,100,212
1206	202,167,220,209,87,220,87,322,71,172,42,235,209,101,104,172,322,305,166,229,96,305,166,71,297,101,229,224,202,170,167,197,224,297,197,42,235,104,170,96
1207	331,300,227,128,218,223,272,84,37,55,18,56,162,58,300,162,28,187,51,204,94,37,55,51,227,272,218,58,223,84,196,128,331,28,187,18,94,196,56,204
1208	345,199,290,345,207,317,273,290,251,13,207,73,278,106,13,244,348,278,199,319,348,142,155,317,106,215,237,244,319,142,155,171,140,237,251,140,215,273,73,171
1209	306,195,288,179,78,306,211,338,117,49,296,325,144,337,116,61,283,328,49,41,61,211,41,328,117,133,78,288,27,283,195,144,179,296,338,325,116,133,27,337
1210	153,176,43,354,295,214,98,1,176,147,22,247,12,175,12,118,34,98,247,194,53,295,118,354,34,53,214,90,1,43,6,275,90,194,153,22,6,275,175,147
1211	293,334,0,119,352,303,119,252,0,265,65,293,279,68,99,182,252,68,62,303,254,279,334,2,265,188,343,182,188,352,343,254,99,62,47,294,65,47,294,2
1212	219,189,81,243,284,156,234,10,158,350,219,113,158,243,67,307,10,81,234,189,89,284,156,15,180,259,15,261,113,259,66,67,66,307,350,312,180,312,89,261
1213	102,169,63,341,355,138,35,225,21,232,168,169,146,63,157,174,21,146,126,30,50,157,85,232,126,355,225,168,341,353,85,35,30,353,174,50,36,138,36,102
1214	160,316,192,257,183,347,292,80,230,257,112,165,83,203,238,316,38,347,321,346,339,38,160,346,321,339,112,203,165,192,183,80,83,238,115,91,115,292,91,230
1215	217,256,16,286,130,246,148,125,320,16,77,320,72,245,79,64,270,256,217,32,245,200,253,32,64,221,333,221,77,79,130,270,200,253,246,72,333,125,286,148
1216	17,105,121,308,103,19,239,105,260,274,9,3,323,330,3,311,323,239,242,19,311,184,132,17,9,190,184,121,132,103,315,190,308,25,330,25,242,315,260,274
1217	152,127,335,75,264,173,86,193,185,124,185,95,231,241,285,152,241,335,95,124,7,193,122,264,86,324,122,154,344,236,154,173,324,344,236,231,285,7,75,127
1218	11,164,111,151,313,201,222,137,163,313,136,14,107,88,342,233,11,268,111,48,268,14,277,163,178,164,107,5,178,342,88,233,222,48,277,5,201,137,136,151
1219	318,54,318,110,54,82,143,52,135,209,248,24,135,24,108,248,134,40,228,93,82,226,108,109,267,281,109,52,191,110,191,267,209,228,226,281,134,143,93,40
1220	326,235,181,42,336,332,45,145,332,229,177,170,104,235,76,96,262,76,255,326,212,181,26,210,262,170,92,145,42,92,45,229,212,96,336,210,255,104,26,177
1221	23,141,114,97,340,29,139,123,141,266,29,33,84,97,349,204,309,223,100,309,114,8,100,266,94,84,223,139,204,87,340,123,94,87,322,23,322,8,349,33
1222	166,131,28,60,155,131,317,215,298,140,197,208,289,128,317,220,215,331,298,305,28,128,197,273,166,106,208,305,71,288,289,140,220,106,273,155,60,331,71,288
1223	39,250,301,348,18,283,69,53,205,258,27,116,211,39,337,57,4,301,116,337,4,31,218,53,283,258,300,205,18,27,57,290,250,290,31,348,211,218,69,300
1224	249,13,216,98,296,182,117,338,276,216,182,150,296,304,161,62,338,98,240,249,62,150,213,276,78,251,237,227,304,13,37,237,37,161,251,240,78,227,117,213
1225	306,271,194,15,2,334,129,172,44,61,214,284,101,144,15,194,284,271,101,172,129,306,176,144,314,334,247,263,61,247,2,44,176,297,214,147,314,297,147,263
1226	55,149,279,196,279,354,51,56,89,158,198,269,56,207,158,254,244,196,244,149,89,269,120,90,47,81,90,51,329,207,354,55,329,120,302,198,254,47,302,81
1227	187,12,70,299,232,70,66,12,303,174,187,303,291,174,180,50,169,160,50,21,160,30,0,169,66,355,291,180,299,0,261,35,355,30,65,35,261,65,232,21
1228	63,46,257,307,74,113,171,46,202,257,183,292,138,20,113,219,307,63,74,183,171,292,91,219,91,256,20,115,34,49,202,256,341,350,341,49,34,138,350,115
1229	121,16,99,294,280,162,38,352,10,157,165,192,121,38,272,22,333,230,99,280,126,175,148,16,10,157,162,175,272,22,126,148,252,333,165,230,352,252,294,192
1230	275,265,260,125,188,311,133,36,265,146,224,320,270,195,224,132,311,195,353,310,36,118,83,118,203,320,275,125,203,133,188,190,260,353,132,270,146,190,310,83
1231	335,259,335,159,17,75,173,6,243,199,58,339,159,124,345,72,316,225,346,221,75,124,80,72,346,238,339,199,238,316,17,173,58,221,243,80,345,259,6,225
